5 0.25625 0.2234375 0.2 0.2234375 0.2 0.3140625 0.25625 0.3140625
5 0.478125 0.22031250000000008 0.3921875 0.22031250000000008 0.3921875 0.3078125000000001 0.478125 0.3078125000000001
5 0.35625 0.2171875 0.2609375 0.2171875 0.2609375 0.31875 0.35625 0.31875
5 0.5640625 0.2406250000000001 0.4890625 0.2406250000000001 0.4890625 0.3234375000000001 0.5640625 0.3234375000000001
5 0.590625 0.07500000000000007 0.5 0.07500000000000007 0.5 0.13281250000000006 0.590625 0.13281250000000008
5 0.6625 0.2843750000000001 0.571875 0.2843750000000001 0.571875 0.34843750000000007 0.6625 0.34843750000000007
5 0.70625 0.20468750000000008 0.628125 0.20468750000000008 0.628125 0.2875000000000001 0.70625 0.2875000000000001
5 0.8140625 0.19531250000000008 0.7375 0.19531250000000008 0.7375 0.2906250000000001 0.8140625 0.2906250000000001
6 0.353125 0.3359375 0.2265625 0.3359375 0.22656250000000006 0.45 0.3531250000000001 0.45
6 0.5296875 0.34062500000000007 0.434375 0.34062500000000007 0.434375 0.45625 0.5296875 0.45625
8 0.7265625 0.3500000000000001 0.6 0.3500000000000001 0.6 0.4546875000000001 0.7265625 0.4546875000000002
8 0.890625 0.3390625000000001 0.76875 0.3390625000000001 0.76875 0.45625000000000016 0.890625 0.45625000000000016