5 0.20625 0.2015625 0.14531250000000004 0.2015625 0.14531250000000004 0.29375 0.20625 0.29375
5 0.4296875 0.18437500000000004 0.3390625 0.18437500000000004 0.3390625 0.275 0.4296875 0.2750000000000001
5 0.3078125 0.18750000000000006 0.20625 0.18750000000000006 0.20625 0.29375 0.3078125 0.29375
5 0.51875 0.19843750000000004 0.4390625 0.19843750000000004 0.4390625 0.2828125000000001 0.51875 0.2828125000000001
5 0.534375 0.02812500000000006 0.440625 0.028125000000000056 0.440625 0.09062500000000005 0.534375 0.09062500000000007
5 0.6171875 0.23593750000000008 0.5234375 0.23593750000000008 0.5234375 0.3046875000000001 0.6171875 0.3046875000000001
5 0.6609375 0.1515625000000001 0.5765625 0.1515625000000001 0.5765625 0.2406250000000001 0.6609375 0.2406250000000001
5 0.7703125 0.1359375000000001 0.6875 0.1359375000000001 0.6875 0.23437500000000008 0.7703125 0.23437500000000008
6 0.31250000000000006 0.309375 0.17812500000000003 0.309375 0.17812500000000003 0.4296875 0.3125000000000001 0.4296875
6 0.490625 0.30156250000000007 0.3875 0.30156250000000007 0.38750000000000007 0.421875 0.490625 0.421875
8 0.6890625 0.2984375000000001 0.55625 0.2984375000000001 0.55625 0.409375 0.6890625 0.409375
8 0.8546875 0.2765625000000001 0.7265625 0.2765625000000001 0.7265625 0.3984375000000001 0.8546875 0.3984375000000001