5 0.2359375 0.23125 0.18281250000000004 0.23125 0.18281250000000004 0.3125 0.2359375 0.3125
5 0.4390625 0.22343750000000004 0.359375 0.2234375 0.359375 0.30312500000000003 0.4390625 0.3031250000000001
5 0.328125 0.2234375 0.240625 0.2234375 0.240625 0.315625 0.328125 0.315625
5 0.51875 0.2406250000000001 0.45 0.2406250000000001 0.45 0.3156250000000001 0.51875 0.3156250000000001
5 0.5421875 0.08750000000000006 0.459375 0.08750000000000006 0.459375 0.13906250000000003 0.5421875 0.13906250000000003
5 0.6078125 0.27812500000000007 0.525 0.27812500000000007 0.525 0.3375000000000001 0.6078125 0.3375000000000001
5 0.65 0.20468750000000008 0.578125 0.20468750000000008 0.578125 0.2812500000000001 0.65 0.2812500000000001
5 0.7484375 0.19531250000000008 0.678125 0.19531250000000008 0.678125 0.2812500000000001 0.7484375 0.2812500000000001
6 0.32500000000000007 0.3328125 0.209375 0.3328125 0.20937500000000003 0.4359375 0.32500000000000007 0.4359375
6 0.4875 0.33281250000000007 0.4 0.33281250000000007 0.4 0.4390625 0.4875 0.4390625
8 0.6671875 0.3390625000000001 0.5515625 0.3390625000000001 0.5515625 0.434375 0.6671875 0.434375
8 0.81875 0.3265625000000001 0.7078125 0.3265625000000001 0.7078125 0.4312500000000001 0.81875 0.4312500000000002