8 0.2453125000000001 0.4484375 0.08125000000000004 0.4484375 0.08125000000000007 0.7609375 0.2453125000000001 0.7609375
5 0.7671875 0.1468750000000001 0.6625 0.1468750000000001 0.6625 0.24218750000000008 0.7671875 0.24218750000000008
5 0.20468750000000005 0.31875 0.12187500000000004 0.31875 0.12187500000000004 0.3828125 0.20468750000000008 0.3828125
5 0.6171875 0.2843750000000001 0.5484375 0.2843750000000001 0.5484375 0.3453125000000001 0.6171875 0.3453125000000001
8 0.4250000000000001 0.540625 0.2500000000000001 0.540625 0.2500000000000001 0.846875 0.42500000000000016 0.846875
5 0.4859375 0.14531250000000004 0.3875 0.14531250000000004 0.3875 0.2453125000000001 0.4859375 0.2453125000000001
8 0.64375 0.4328125 0.428125 0.4328125 0.4281250000000001 0.8234375 0.6437500000000002 0.8234375
5 0.5484375 0.3546875000000001 0.4609375 0.3546875000000001 0.4609375 0.4265625 0.5484375 0.4265625
5 0.3171875 0.15468750000000003 0.21875 0.15468750000000003 0.21875 0.2234375 0.3171875 0.2234375
5 0.37968750000000007 0.38906250000000003 0.2734375000000001 0.3890625 0.2734375000000001 0.4890625 0.37968750000000007 0.4890625
5 0.4265625 0.3140625 0.3515625 0.3140625 0.35156250000000006 0.4046875 0.4265625 0.4046875
5 0.5125 0.27812500000000007 0.45 0.27812500000000007 0.45 0.3421875000000001 0.5125 0.3421875000000001
6 0.80625 0.3062500000000001 0.6296875 0.3062500000000001 0.6296875 0.6703125000000001 0.80625 0.6703125000000002
6 0.33593750000000006 0.309375 0.2125 0.309375 0.21250000000000005 0.396875 0.3359375000000001 0.396875