8 0.23437500000000008 0.4296875 0.06875000000000005 0.4296875 0.06875000000000006 0.753125 0.23437500000000008 0.753125
5 0.7953125 0.09687500000000009 0.6859375 0.09687500000000009 0.6859375 0.19531250000000008 0.7953125 0.19531250000000008
5 0.19843750000000004 0.2921875 0.11250000000000004 0.2921875 0.11250000000000004 0.35625 0.19843750000000004 0.35625
5 0.6328125 0.2453125000000001 0.5625 0.2453125000000001 0.5625 0.3062500000000001 0.6328125 0.3062500000000001
8 0.4218750000000001 0.5234375 0.24375000000000008 0.5234375 0.24375000000000008 0.840625 0.42187500000000017 0.840625
5 0.4984375 0.10156250000000004 0.396875 0.10156250000000004 0.396875 0.20468750000000008 0.4984375 0.20468750000000008
8 0.6546875000000001 0.4046875 0.4328125 0.4046875 0.4328125000000001 0.8109375 0.6546875000000002 0.8109375
5 0.559375 0.3218750000000001 0.46875 0.3218750000000001 0.46875 0.39531250000000007 0.559375 0.39531250000000007
5 0.31875 0.11562500000000005 0.21875 0.11562500000000005 0.21875 0.18593750000000003 0.31875 0.18593750000000003
5 0.38125000000000003 0.36250000000000004 0.2703125 0.3625 0.27031250000000007 0.4640625 0.3812500000000001 0.4640625
5 0.4328125 0.28125000000000006 0.35625 0.28125 0.35625000000000007 0.37500000000000006 0.4328125 0.3750000000000001
5 0.5234375 0.2406250000000001 0.4578125 0.2406250000000001 0.4578125 0.3062500000000001 0.5234375 0.3062500000000001
6 0.828125 0.2656250000000001 0.6484375 0.2656250000000001 0.6484375 0.6453125000000001 0.828125 0.6453125000000002
6 0.3375 0.2796875 0.209375 0.2796875 0.20937500000000003 0.3703125 0.3375000000000001 0.3703125