8 0.2578125000000001 0.43125 0.10625000000000004 0.43125 0.10625000000000007 0.7265625 0.2578125000000001 0.7265625
5 0.7703125 0.12031250000000009 0.6703125 0.12031250000000009 0.6703125 0.2078125000000001 0.7703125 0.2078125000000001
5 0.225 0.3046875 0.14531250000000004 0.3046875 0.14531250000000004 0.3625 0.225 0.3625
5 0.6234375 0.2562500000000001 0.5578125 0.2562500000000001 0.5578125 0.3109375000000001 0.6234375 0.3109375000000001
8 0.4296875000000001 0.5140625 0.2671875000000001 0.5140625 0.2671875000000001 0.803125 0.42968750000000017 0.803125
5 0.4984375 0.12656250000000005 0.40625 0.12656250000000005 0.40625 0.22031250000000008 0.4984375 0.22031250000000008
8 0.6421875000000001 0.4046875 0.440625 0.4046875 0.4406250000000001 0.7734375 0.6421875000000001 0.7734375
5 0.55625 0.3281250000000001 0.4734375 0.3281250000000001 0.4734375 0.3937500000000001 0.55625 0.3937500000000001
5 0.3359375 0.14218750000000005 0.2421875 0.14218750000000005 0.2421875 0.20625 0.3359375 0.20625
5 0.3921875000000001 0.36562500000000003 0.2906250000000001 0.365625 0.2906250000000001 0.459375 0.3921875000000001 0.459375
5 0.4390625 0.2921875000000001 0.36875 0.2921875000000001 0.36875 0.3781250000000001 0.4390625 0.3781250000000001
5 0.5234375 0.25468750000000007 0.4640625 0.25468750000000007 0.4640625 0.3140625000000001 0.5234375 0.3140625000000001
6 0.803125 0.2734375000000001 0.6375 0.2734375000000001 0.6375 0.6187500000000001 0.803125 0.6187500000000001
6 0.353125 0.2921875 0.2359375 0.2921875 0.23593750000000005 0.3734375 0.3531250000000001 0.3734375