8 0.84375 0.4406250000000001 0.6984375 0.440625 0.6984375 0.7625000000000001 0.84375 0.7625000000000002
5 0.5515625 0.3578125000000001 0.484375 0.3578125000000001 0.484375 0.4171875 0.5515625 0.4171875
5 0.7125 0.3609375000000001 0.63125 0.3609375000000001 0.63125 0.4390625 0.7125 0.4390625
5 0.8 0.3281250000000001 0.7140625 0.3281250000000001 0.7140625 0.3968750000000001 0.8 0.3968750000000001
5 0.11718750000000004 0.3671875 0.009375000000000045 0.3671875 0.00937500000000005 0.4578125 0.11718750000000004 0.4578125
6 0.2234375000000001 0.4859375 0.07187500000000006 0.4859375 0.07187500000000009 0.825 0.2234375000000001 0.825
5 0.34687500000000004 0.353125 0.2609375 0.353125 0.26093750000000004 0.440625 0.3468750000000001 0.440625
6 0.07500000000000008 0.465625 5.702261658529863e-17 0.465625 7.1947999449907e-17 0.709375 0.0750000000000001 0.709375
6 0.3625000000000001 0.459375 0.2093750000000001 0.459375 0.2093750000000001 0.7125 0.3625000000000001 0.7125
6 0.54375 0.503125 0.46875 0.503125 0.46875 0.715625 0.54375 0.715625
6 0.696875 0.453125 0.6 0.453125 0.6 0.725 0.696875 0.725