8 0.2593750000000001 0.4375 0.09062500000000004 0.4375 0.09062500000000007 0.7828125 0.2593750000000001 0.7828125
5 0.4875 0.34062500000000007 0.4140625 0.34062500000000007 0.4140625 0.4046875 0.4875 0.4046875
5 0.33437500000000003 0.35 0.2453125 0.35 0.24531250000000004 0.4359375 0.3343750000000001 0.4359375
5 0.24687500000000004 0.3171875 0.15312500000000004 0.3171875 0.15312500000000004 0.3953125 0.2468750000000001 0.3953125
5 0.9828125 0.3265625000000001 0.8703125 0.3265625000000001 0.8703125 0.4265625000000002 0.9828125 0.4265625000000002
6 0.9140625 0.45625000000000016 0.7390625 0.45625000000000016 0.7390625000000001 0.8203125 0.9140625 0.8203125
5 0.721875 0.32500000000000007 0.6265625 0.32500000000000007 0.6265625 0.421875 0.721875 0.421875
6 0.978125 0.42968750000000017 0.9015625 0.42968750000000017 0.9015625 0.6890625000000001 0.978125 0.6890625000000001
6 0.7703125 0.43437500000000007 0.596875 0.434375 0.596875 0.7093750000000001 0.7703125 0.7093750000000002
6 0.496875 0.4921875 0.4078125 0.4921875 0.4078125 0.71875 0.496875 0.71875
6 0.3609375000000001 0.44375 0.2453125000000001 0.44375 0.2453125000000001 0.734375 0.3609375000000001 0.734375