5 0.7625 0.14218750000000008 0.690625 0.14218750000000008 0.690625 0.2078125000000001 0.7625 0.2078125000000001
5 0.6125 0.14843750000000006 0.5359375 0.14843750000000006 0.5359375 0.20468750000000008 0.6125 0.20468750000000008
8 0.23281250000000003 0.3203125 0.09375000000000004 0.3203125 0.09375000000000006 0.5296875 0.2328125000000001 0.5296875
5 0.2796875 0.09531250000000004 0.2359375 0.09531250000000002 0.2359375 0.13437500000000005 0.2796875 0.13437500000000005
5 0.4875 0.18906250000000005 0.4125 0.18906250000000005 0.4125 0.2687500000000001 0.4875 0.2687500000000001
8 0.4703125 0.2812500000000001 0.375 0.2812500000000001 0.37500000000000006 0.4890625 0.4703125 0.4890625
8 0.765625 0.2312500000000001 0.6625 0.2312500000000001 0.6625 0.4546875000000001 0.765625 0.4546875000000002
5 0.2203125 0.2 0.16093750000000004 0.2 0.16093750000000004 0.2625 0.2203125 0.2625
5 0.3359375 0.10937500000000004 0.2890625 0.10937500000000004 0.2890625 0.14531250000000004 0.3359375 0.14531250000000004
8 0.6 0.23593750000000008 0.4984375 0.23593750000000008 0.4984375 0.4140625 0.6 0.4140625
5 0.07187500000000002 0.1140625 0.039062500000000014 0.1140625 0.039062500000000014 0.1484375 0.07187500000000002 0.1484375
8 0.2890625 0.15781250000000005 0.225 0.15781250000000005 0.225 0.278125 0.2890625 0.278125
8 0.39375 0.18750000000000006 0.340625 0.18750000000000006 0.340625 0.27187500000000003 0.39375 0.2718750000000001
5 0.3796875 0.11718750000000004 0.3421875 0.11718750000000004 0.3421875 0.15937500000000004 0.3796875 0.15937500000000004
5 0.9203125 0.1562500000000001 0.840625 0.15625000000000008 0.840625 0.24218750000000008 0.9203125 0.24218750000000008
6 0.890625 0.2156250000000001 0.8203125 0.2156250000000001 0.8203125 0.3343750000000001 0.890625 0.3343750000000001