5 0.3203125 0.17500000000000004 0.2484375 0.17500000000000004 0.2484375 0.2390625 0.3203125 0.2390625
5 0.4703125 0.17187500000000006 0.3953125 0.17187500000000006 0.3953125 0.2250000000000001 0.4703125 0.2250000000000001
8 0.8875 0.3109375000000001 0.75 0.3109375000000001 0.75 0.5125000000000002 0.8875 0.5125000000000002
5 0.765625 0.0984375000000001 0.721875 0.0984375000000001 0.721875 0.1359375000000001 0.765625 0.1359375000000001
5 0.5875 0.2015625000000001 0.5140625 0.2015625000000001 0.5140625 0.2796875000000001 0.5875 0.2796875000000001
8 0.6171875 0.2906250000000001 0.5203125 0.2906250000000001 0.5203125 0.490625 0.6171875 0.490625
8 0.33906250000000004 0.2625 0.2375 0.2625 0.23750000000000004 0.478125 0.3390625000000001 0.478125
5 0.83125 0.19531250000000008 0.771875 0.19531250000000008 0.771875 0.2562500000000001 0.83125 0.2562500000000001
5 0.7125 0.11562500000000009 0.665625 0.11562500000000009 0.665625 0.15000000000000008 0.7125 0.15000000000000008
8 0.4984375 0.25468750000000007 0.4 0.25468750000000007 0.4 0.4265625 0.4984375 0.4265625
5 0.95625 0.10312500000000013 0.9234375 0.10312500000000013 0.9234375 0.13593750000000013 0.95625 0.13593750000000013
8 0.7703125 0.1593750000000001 0.7078125 0.1593750000000001 0.7078125 0.2750000000000001 0.7703125 0.2750000000000001
8 0.65625 0.19531250000000008 0.6046875 0.19531250000000008 0.6046875 0.2765625000000001 0.65625 0.2765625000000001
5 0.659375 0.12656250000000008 0.6234375 0.12656250000000008 0.6234375 0.1671875000000001 0.659375 0.1671875000000001
5 0.17343750000000005 0.2 0.09531250000000002 0.2 0.09531250000000004 0.2828125 0.17343750000000005 0.2828125
6 0.19062500000000004 0.25625 0.11875000000000005 0.25625 0.11875000000000005 0.3703125 0.19062500000000004 0.3703125