5 0.7421875 0.1859375000000001 0.6734375 0.1859375000000001 0.6734375 0.2453125000000001 0.7421875 0.2453125000000001
5 0.5984375 0.18593750000000006 0.525 0.18593750000000003 0.525 0.2375000000000001 0.5984375 0.2375000000000001
8 0.23437500000000006 0.3359375 0.10468750000000004 0.3359375 0.10468750000000004 0.5328125 0.23437500000000008 0.5328125
5 0.2765625 0.12187500000000004 0.234375 0.12187500000000004 0.234375 0.15781250000000005 0.2765625 0.15781250000000005
5 0.478125 0.22031250000000008 0.4078125 0.22031250000000008 0.4078125 0.2953125000000001 0.478125 0.2953125000000001
8 0.4640625 0.30937500000000007 0.375 0.30937500000000007 0.37500000000000006 0.5046875 0.4640625 0.5046875
8 0.746875 0.2718750000000001 0.6515625 0.2718750000000001 0.6515625 0.4843750000000001 0.746875 0.48437500000000017
5 0.221875 0.2203125 0.16562500000000005 0.2203125 0.16562500000000005 0.278125 0.221875 0.278125
5 0.3296875 0.13750000000000004 0.2859375 0.13750000000000004 0.2859375 0.17031250000000003 0.3296875 0.17031250000000003
8 0.5859375 0.2687500000000001 0.49375 0.2687500000000001 0.49375 0.4375 0.5859375 0.4375
5 0.07500000000000002 0.1328125 0.04375000000000001 0.1328125 0.04375000000000002 0.1625 0.07500000000000002 0.1625
8 0.284375 0.18281250000000004 0.2265625 0.18281250000000004 0.2265625 0.296875 0.284375 0.296875
8 0.3875 0.21562500000000004 0.3375 0.215625 0.3375 0.29375000000000007 0.3875 0.29375000000000007
5 0.371875 0.14687500000000003 0.3375 0.14687500000000003 0.3375 0.18593750000000003 0.371875 0.18593750000000003
5 0.89375 0.2062500000000001 0.81875 0.2062500000000001 0.81875 0.28593750000000007 0.89375 0.28593750000000007
6 0.8671875 0.2609375000000001 0.8 0.2609375000000001 0.8 0.3734375000000001 0.8671875 0.3734375000000001