5 0.496875 0.3312500000000001 0.421875 0.3312500000000001 0.421875 0.3812500000000001 0.496875 0.3812500000000001
8 0.25468750000000007 0.5421875 0.15156250000000004 0.5421875 0.15156250000000007 0.771875 0.25468750000000007 0.771875
8 0.3625000000000001 0.4671875 0.2500000000000001 0.4671875 0.2500000000000001 0.6828125 0.3625000000000001 0.6828125
8 0.4796875 0.4375 0.3828125000000001 0.4375 0.3828125000000001 0.6328125 0.4796875 0.6328125
8 0.85625 0.4937500000000001 0.690625 0.49375 0.690625 0.7406250000000001 0.85625 0.7406250000000002
5 0.17656250000000004 0.2953125 0.07500000000000004 0.2953125 0.07500000000000004 0.3609375 0.17656250000000004 0.3609375
8 0.6953125 0.434375 0.540625 0.434375 0.540625 0.6640625 0.6953125 0.6640625
5 0.2562500000000001 0.4578125 0.18906250000000005 0.4578125 0.18906250000000005 0.528125 0.2562500000000001 0.528125
5 0.9953125 0.2656250000000001 0.859375 0.2656250000000001 0.859375 0.40156250000000016 0.9953125 0.40156250000000016
5 0.825 0.3921875000000001 0.7328125 0.3921875000000001 0.7328125 0.4671875000000002 0.825 0.4671875000000002
5 0.690625 0.3546875000000001 0.6 0.3546875000000001 0.6 0.428125 0.690625 0.428125
5 0.3500000000000001 0.3703125 0.2828125000000001 0.3703125 0.2828125000000001 0.4328125 0.3500000000000001 0.4328125
6 0.17656250000000007 0.4171875 0.028125000000000056 0.4171875 0.028125000000000067 0.634375 0.1765625000000001 0.634375
6 0.99375 0.4109375000000002 0.8734375 0.4109375000000002 0.8734375 0.6656250000000001 0.99375 0.6656250000000001