5 0.490625 0.2953125000000001 0.4125 0.2953125000000001 0.4125 0.34843750000000007 0.490625 0.34843750000000007
8 0.2687500000000001 0.5109375 0.15625000000000006 0.5109375 0.15625000000000006 0.746875 0.2687500000000001 0.746875
8 0.37187500000000007 0.434375 0.2500000000000001 0.434375 0.2500000000000001 0.65625 0.37187500000000007 0.65625
8 0.4875 0.4046875 0.3828125000000001 0.4046875 0.3828125000000001 0.6046875 0.4875 0.6046875
8 0.878125 0.46562500000000007 0.7015625 0.465625 0.7015625 0.7187500000000001 0.878125 0.7187500000000002
5 0.16093750000000004 0.2578125 0.05625000000000002 0.2578125 0.056250000000000036 0.325 0.16093750000000004 0.325
8 0.7078125 0.4015625 0.5421875 0.4015625 0.5421875 0.6375 0.7078125 0.6375
5 0.25468750000000007 0.425 0.18437500000000004 0.425 0.18437500000000004 0.496875 0.25468750000000007 0.496875
5 1 0.23437500000000008 0.853125 0.23437500000000008 0.853125 0.3734375000000001 1 0.3734375000000001
5 0.83125 0.3625000000000001 0.7328125 0.3625000000000001 0.7328125 0.4390625000000002 0.83125 0.4390625000000002
5 0.690625 0.3203125000000001 0.5953125 0.3203125000000001 0.5953125 0.3968750000000001 0.690625 0.3968750000000001
5 0.3453125 0.3359375 0.271875 0.3359375 0.27187500000000003 0.3984375 0.3453125000000001 0.3984375
6 0.17968750000000006 0.38125 0.020312500000000046 0.38125 0.02031250000000006 0.6046875 0.17968750000000008 0.6046875
6 1 0.3828125000000001 0.88125 0.3828125000000001 0.88125 0.6453125000000002 1 0.6453125000000002