5 0.5796875 0.3234375000000001 0.509375 0.3234375000000001 0.509375 0.3703125000000001 0.5796875 0.3703125000000001
8 0.8296875 0.5296875000000002 0.734375 0.5296875000000002 0.7343750000000001 0.7453125000000002 0.8296875 0.7453125000000002
8 0.7375 0.4562500000000001 0.634375 0.45625 0.634375 0.6578125000000001 0.7375 0.6578125000000001
8 0.6125 0.425 0.525 0.425 0.525 0.60625 0.6125 0.60625
8 0.3203125000000001 0.471875 0.16875000000000004 0.471875 0.16875000000000007 0.7015625 0.3203125000000001 0.7015625
5 0.9078125 0.2968750000000001 0.8140625 0.2968750000000001 0.8140625 0.3578125000000001 0.9078125 0.3578125000000001
8 0.4640625 0.41875 0.3218750000000001 0.41875 0.3218750000000001 0.63125 0.4640625 0.63125
5 0.796875 0.4500000000000002 0.7359375 0.4500000000000002 0.7359375 0.5140625000000002 0.796875 0.5140625000000002
5 0.16875000000000004 0.2546875 0.025000000000000033 0.2546875 0.02500000000000004 0.378125 0.16875000000000004 0.378125
5 0.28593750000000007 0.375 0.19843750000000004 0.375 0.19843750000000004 0.44375 0.28593750000000007 0.44375
5 0.4125 0.34062500000000007 0.328125 0.340625 0.32812500000000006 0.409375 0.4125 0.409375
5 0.7109375 0.36406250000000007 0.6484375 0.36406250000000007 0.6484375 0.4203125 0.7109375 0.4203125
6 0.9484375 0.41406250000000017 0.8109375 0.41406250000000017 0.8109375 0.6156250000000002 0.9484375 0.6156250000000002
6 0.15000000000000008 0.390625 0.025000000000000043 0.390625 0.02500000000000006 0.6296875 0.15000000000000008 0.6296875