6 0.95 0.18593750000000012 0.8578125 0.1859375000000001 0.8578125 0.3921875000000001 0.95 0.3921875000000001
5 0.1796875 0.0015625000000000135 0.0390625 0.0015625000000000049 0.039062500000000014 0.140625 0.1796875 0.140625
5 0.565625 0.14062500000000006 0.5109375 0.14062500000000006 0.5109375 0.17968750000000006 0.565625 0.17968750000000008
5 0.7828125 0.11718750000000008 0.7296875 0.11718750000000008 0.7296875 0.1593750000000001 0.7828125 0.1593750000000001
5 0.675 0.1296875000000001 0.6390625 0.1296875000000001 0.6390625 0.1703125000000001 0.675 0.1703125000000001
6 0.18593750000000003 0.17500000000000002 0.018750000000000024 0.175 0.018750000000000044 0.5546875 0.1859375000000001 0.5546875
6 0.784375 0.1765625000000001 0.7078125 0.1765625000000001 0.7078125 0.3453125000000001 0.784375 0.3453125000000001
5 0.934375 0.0640625000000001 0.8734375 0.0640625000000001 0.8734375 0.1484375000000001 0.934375 0.14843750000000014
6 0.55625 0.19843750000000007 0.5171875 0.19843750000000004 0.5171875 0.2984375000000001 0.55625 0.2984375000000001
6 0.6359375 0.21093750000000008 0.596875 0.21093750000000008 0.596875 0.3265625000000001 0.6359375 0.3265625000000001
6 0.678125 0.2000000000000001 0.64375 0.2000000000000001 0.64375 0.3468750000000001 0.678125 0.3468750000000001