6 0.15468750000000003 0.1734375 0.06250000000000003 0.1734375 0.06250000000000003 0.3703125 0.15468750000000003 0.3703125
5 0.940625 0.046875000000000104 0.803125 0.0468750000000001 0.803125 0.20312500000000008 0.940625 0.20312500000000008
5 0.4875 0.16250000000000003 0.4359375 0.16250000000000003 0.4359375 0.2015625000000001 0.4875 0.2015625000000001
5 0.28125 0.12031250000000004 0.2296875 0.12031250000000004 0.2296875 0.16093750000000004 0.28125 0.16093750000000004
5 0.365625 0.14375000000000004 0.33125 0.14375000000000004 0.33125 0.18125000000000005 0.365625 0.18125000000000005
6 0.95 0.23437500000000008 0.7828125 0.23437500000000008 0.7828125 0.5968750000000002 0.95 0.5968750000000002
6 0.296875 0.17968750000000006 0.221875 0.17968750000000006 0.221875 0.340625 0.296875 0.340625
5 0.146875 0.05781250000000001 0.0875 0.0578125 0.08750000000000001 0.1375 0.146875 0.1375
6 0.478125 0.2171875000000001 0.4390625 0.2171875000000001 0.4390625 0.3125000000000001 0.478125 0.3125000000000001
6 0.4015625 0.22343750000000004 0.3625 0.2234375 0.3625 0.33281250000000007 0.4015625 0.33281250000000007
6 0.359375 0.209375 0.3234375 0.209375 0.3234375 0.3484375 0.359375 0.3484375
6 0.03437500000000003 0.1828125 2.2388074296912548e-17 0.1828125 3.444319122601931e-17 0.3796875 0.034375000000000044 0.3796875
6 0.015625000000000017 0.0875 1.071565949253934e-17 0.0875 1.549943605170869e-17 0.165625 0.01562500000000002 0.165625