6 0.909375 0.1718750000000001 0.8265625 0.17187500000000008 0.8265625 0.3609375000000001 0.909375 0.3609375000000001
5 0.1953125 0.017187500000000015 0.0671875 0.017187500000000005 0.06718750000000001 0.16250000000000003 0.1953125 0.16250000000000003
5 0.553125 0.14531250000000007 0.503125 0.14531250000000004 0.503125 0.17968750000000006 0.553125 0.17968750000000008
5 0.7546875 0.1140625000000001 0.70625 0.1140625000000001 0.70625 0.1515625000000001 0.7546875 0.1515625000000001
5 0.6546875 0.1312500000000001 0.621875 0.1312500000000001 0.621875 0.16562500000000008 0.6546875 0.16562500000000008
6 0.20312500000000006 0.19843750000000002 0.05312500000000002 0.1984375 0.05312500000000005 0.5421875 0.20312500000000008 0.5421875
6 0.75625 0.17187500000000008 0.6875 0.17187500000000008 0.6875 0.3234375000000001 0.75625 0.3234375000000001
5 0.8921875 0.05937500000000011 0.8375 0.05937500000000011 0.8375 0.13437500000000008 0.8921875 0.13437500000000008
6 0.5453125 0.19843750000000007 0.5109375 0.19843750000000004 0.5109375 0.2890625000000001 0.5453125 0.2890625000000001
6 0.61875 0.2078125000000001 0.584375 0.2078125000000001 0.584375 0.3125000000000001 0.61875 0.3125000000000001
6 0.65625 0.19531250000000008 0.6265625 0.19531250000000008 0.6265625 0.3296875000000001 0.65625 0.3296875000000001
6 1 0.18750000000000014 0.94375 0.18750000000000014 0.94375 0.3781250000000001 1 0.3781250000000001
6 1 0.09375000000000012 0.9640625 0.09375000000000011 0.9640625 0.16875000000000012 1 0.16875000000000012