2 0.13750000000000004 0.2125 0.06406250000000002 0.2125 0.06406250000000004 0.30625 0.13750000000000004 0.30625
2 0.4578125 0.2328125000000001 0.3703125 0.2328125000000001 0.3703125 0.35625000000000007 0.4578125 0.35625000000000007
2 0.9984375 0.18750000000000014 0.921875 0.18750000000000014 0.921875 0.37968750000000007 0.9984375 0.37968750000000007
2 0.6765625 0.3156250000000001 0.540625 0.3156250000000001 0.540625 0.5359375 0.6765625 0.5359375
2 0.8015625 0.1921875000000001 0.7046875 0.1921875000000001 0.7046875 0.3593750000000001 0.8015625 0.3593750000000001
8 0.5015625 0.4 0.3281250000000001 0.4 0.3281250000000001 0.70625 0.5015625 0.70625
1 0.3750000000000001 0.7546875 0.31718750000000007 0.7546875 0.31718750000000007 0.8734375 0.3750000000000001 0.8734375
8 0.17343750000000008 0.34375 0.03906250000000004 0.34375 0.03906250000000006 0.5953125 0.17343750000000008 0.5953125
8 0.8125 0.3734375000000001 0.6546875 0.3734375000000001 0.6546875 0.6687500000000001 0.8125 0.6687500000000002
8 0.6890625000000001 0.5625 0.4765625 0.5625 0.4765625000000001 1 0.6890625000000001 1
7 0.10468750000000009 0.6703125 0.03437500000000008 0.6703125 0.034375000000000086 0.7859375 0.10468750000000009 0.7859375