8 0.5234375 0.2843750000000001 0.415625 0.2843750000000001 0.415625 0.540625 0.5234375 0.540625
8 0.3609375 0.3140625 0.259375 0.3140625 0.259375 0.5859375 0.3609375000000001 0.5859375
2 0.6859375 0.2921875000000001 0.6375 0.2921875000000001 0.6375 0.3703125000000001 0.6859375 0.3703125000000001
2 0.8109375 0.3609375000000001 0.75625 0.3609375000000001 0.75625 0.42968750000000017 0.8109375 0.42968750000000017
2 0.5 0.17968750000000006 0.4515625 0.17968750000000006 0.4515625 0.27031250000000007 0.5 0.27031250000000007
2 0.415625 0.2390625000000001 0.38125 0.2390625000000001 0.38125 0.28593750000000007 0.415625 0.28593750000000007
2 0.340625 0.215625 0.2953125 0.215625 0.2953125 0.28125 0.340625 0.28125
2 0.2 0.09843750000000002 0.140625 0.09843750000000002 0.14062500000000003 0.19062500000000002 0.2 0.19062500000000004
2 0.5515625 0.22812500000000008 0.515625 0.22812500000000008 0.515625 0.2890625000000001 0.5515625 0.2890625000000001
2 0.6265625 0.2484375000000001 0.5859375 0.2484375000000001 0.5859375 0.33281250000000007 0.6265625 0.33281250000000007
8 0.21250000000000005 0.2296875 0.10625000000000004 0.2296875 0.10625000000000004 0.528125 0.21250000000000008 0.528125
8 0.8234375 0.4484375000000001 0.7140625 0.4484375 0.7140625 0.7171875000000001 0.8234375 0.7171875000000002
8 0.6375 0.31718750000000007 0.55 0.31718750000000007 0.55 0.546875 0.6375 0.546875
7 0.45000000000000007 0.6859375 0.4171875 0.6859375 0.4171875000000001 0.803125 0.4500000000000002 0.803125
7 0.15781250000000008 0.7796875 0.11562500000000009 0.7796875 0.11562500000000009 0.8859375 0.15781250000000008 0.8859375
7 0.2953125000000001 0.690625 0.2578125000000001 0.690625 0.2578125000000001 0.80625 0.2953125000000001 0.80625
7 0.5203125000000001 0.68125 0.490625 0.68125 0.4906250000000001 0.8015625 0.5203125000000002 0.8015625