8 0.603125 0.2812500000000001 0.4859375 0.2812500000000001 0.4859375 0.5515625 0.603125 0.5515625
8 0.7671875 0.3156250000000001 0.6546875 0.3156250000000001 0.6546875 0.6031250000000001 0.7671875 0.6031250000000001
2 0.36718750000000006 0.28437500000000004 0.315625 0.284375 0.31562500000000004 0.36875 0.3671875000000001 0.3687500000000001
2 0.24375000000000005 0.3546875 0.18593750000000003 0.3546875 0.18593750000000003 0.428125 0.24375000000000008 0.428125
2 0.5609375 0.17187500000000006 0.5078125 0.17187500000000006 0.5078125 0.2687500000000001 0.5609375 0.2687500000000001
2 0.634375 0.23593750000000008 0.596875 0.23593750000000008 0.596875 0.28593750000000007 0.634375 0.28593750000000007
2 0.7234375 0.2140625000000001 0.675 0.2140625000000001 0.675 0.2828125000000001 0.7234375 0.2828125000000001
2 0.884375 0.09375000000000011 0.8203125 0.09375000000000011 0.8203125 0.1921875000000001 0.884375 0.1921875000000001
2 0.49375 0.2218750000000001 0.4546875 0.2218750000000001 0.4546875 0.28593750000000007 0.49375 0.28593750000000007
2 0.4203125 0.2406250000000001 0.3765625 0.2406250000000001 0.3765625 0.3296875000000001 0.4203125 0.3296875000000001
8 0.925 0.2312500000000001 0.809375 0.2312500000000001 0.809375 0.5453125000000002 0.925 0.5453125000000002
8 0.29375000000000007 0.4453125 0.17500000000000004 0.4453125 0.17500000000000007 0.7296875 0.29375000000000007 0.7296875
8 0.4625 0.3125000000000001 0.3671875 0.3125000000000001 0.36718750000000006 0.5546875 0.4625 0.5546875
7 0.6062500000000001 0.703125 0.56875 0.703125 0.5687500000000001 0.8265625 0.6062500000000002 0.8265625
7 0.9234375 0.8078125 0.8765625 0.8078125 0.8765625 0.9203125 0.9234375 0.9203125
7 0.7718750000000001 0.7109375000000002 0.73125 0.7109375000000002 0.7312500000000001 0.8328125 0.7718750000000002 0.8328125
7 0.5296875000000001 0.6953125 0.4953125 0.6953125 0.4953125000000001 0.821875 0.5296875000000002 0.821875