2 0.13437500000000005 0.325 0.07812500000000004 0.325 0.07812500000000004 0.4125 0.13437500000000005 0.4125
2 0.3046875 0.16562500000000005 0.2546875 0.16562500000000005 0.2546875 0.2453125 0.3046875 0.2453125
2 0.459375 0.2640625000000001 0.4125 0.2640625000000001 0.4125 0.3265625000000001 0.459375 0.3265625000000001
2 0.596875 0.20468750000000008 0.5484375 0.20468750000000008 0.5484375 0.30156250000000007 0.596875 0.30156250000000007
2 0.7125 0.14843750000000008 0.659375 0.14843750000000008 0.659375 0.2515625000000001 0.7125 0.2515625000000001
1 0.778125 0.4906250000000002 0.75625 0.4906250000000002 0.75625 0.5453125000000002 0.778125 0.5453125000000002
8 0.91875 0.18593750000000012 0.790625 0.1859375000000001 0.790625 0.5656250000000002 0.91875 0.5656250000000002
8 0.634375 0.29375000000000007 0.5375 0.29375000000000007 0.5375 0.51875 0.634375 0.51875
8 0.353125 0.284375 0.2421875 0.284375 0.24218750000000006 0.5390625 0.3531250000000001 0.5390625
8 0.7625 0.2484375000000001 0.65625 0.2484375000000001 0.65625 0.5375000000000001 0.7625 0.5375000000000002
8 0.18125000000000008 0.434375 0.07812500000000004 0.434375 0.07812500000000007 0.7265625 0.18125000000000008 0.7265625
7 0.22812500000000008 0.7859375 0.1671875000000001 0.7859375 0.1671875000000001 0.9390625 0.22812500000000008 0.9390625
2 0.878125 0.040625000000000105 0.796875 0.0406250000000001 0.796875 0.1062500000000001 0.878125 0.1062500000000001