2 0.020312500000000046 0.353125 4.324534009489091e-17 0.353125 4.707236134222638e-17 0.415625 0.02031250000000005 0.415625
2 0.39531250000000007 0.4125 0.3656250000000001 0.4125 0.3656250000000001 0.4484375 0.39531250000000007 0.4484375
2 0.259375 0.3171875 0.221875 0.3171875 0.22187500000000004 0.371875 0.2593750000000001 0.371875
2 0.525 0.2484375000000001 0.4515625 0.2484375000000001 0.4515625 0.3421875000000001 0.525 0.3421875000000001
2 0.6640625 0.3578125000000001 0.621875 0.3578125000000001 0.621875 0.4328125 0.6640625 0.4328125
2 0.5453125 0.3890625000000001 0.5171875 0.3890625000000001 0.5171875 0.4421875 0.5453125 0.4421875
1 0.29375000000000007 0.584375 0.2734375000000001 0.584375 0.2734375000000001 0.6421875 0.29375000000000007 0.6421875
1 0.690625 0.64375 0.6765625 0.64375 0.6765625 0.6859375 0.690625 0.6859375
1 0.21875000000000008 0.5859375 0.1984375000000001 0.5859375 0.1984375000000001 0.640625 0.21875000000000008 0.640625
8 0.5843750000000001 0.4265625 0.41875 0.4265625 0.41875000000000007 0.8578125 0.5843750000000002 0.8578125
8 0.05625000000000008 0.4734375 5.79793718971325e-17 0.4734375 7.759285578972683e-17 0.79375 0.05625000000000009 0.79375
8 0.6828125 0.4453125 0.5921875 0.4453125 0.5921875 0.6828125 0.6828125 0.6828125
8 0.2828125000000001 0.4046875 0.2062500000000001 0.4046875 0.2062500000000001 0.6046875 0.2828125000000001 0.6046875
8 0.409375 0.48125 0.3500000000000001 0.48125 0.3500000000000001 0.6453125 0.409375 0.6453125
7 0.6875000000000002 0.8140625 0.6531250000000002 0.8140625 0.6531250000000002 0.9265625 0.6875000000000002 0.9265625
7 0.08281250000000012 0.9125 0.03281250000000011 0.9125 0.03281250000000012 1 0.08281250000000014 1
7 0.23437500000000008 0.778125 0.1984375000000001 0.778125 0.1984375000000001 0.8625 0.23437500000000008 0.8625
7 0.6250000000000002 0.8109375 0.5890625000000002 0.8109375 0.5890625000000002 0.934375 0.6250000000000002 0.934375