8 0.5578125 0.22812500000000008 0.4234375 0.22812500000000008 0.4234375 0.5140625 0.5578125 0.5140625
8 0.38281250000000006 0.26562500000000006 0.253125 0.265625 0.25312500000000004 0.56875 0.3828125000000001 0.56875
2 0.7265625 0.2312500000000001 0.6671875 0.2312500000000001 0.6671875 0.3187500000000001 0.7265625 0.3187500000000001
2 0.8671875 0.3031250000000001 0.8015625 0.3031250000000001 0.8015625 0.3812500000000001 0.8671875 0.3812500000000001
2 0.515625 0.11406250000000004 0.45625 0.11406250000000004 0.45625 0.2156250000000001 0.515625 0.2156250000000001
2 0.4234375 0.18281250000000004 0.3828125 0.18281250000000004 0.3828125 0.23593750000000008 0.4234375 0.23593750000000008
2 0.340625 0.15937500000000004 0.2859375 0.15937500000000004 0.2859375 0.2328125 0.340625 0.2328125
2 0.1796875 0.03437500000000002 0.1078125 0.03437500000000001 0.1078125 0.1375 0.1796875 0.1375
2 0.5734375 0.16562500000000008 0.5296875 0.16562500000000005 0.5296875 0.23437500000000008 0.5734375 0.23437500000000008
2 0.6578125 0.1859375000000001 0.6078125 0.1859375000000001 0.6078125 0.2796875000000001 0.6578125 0.2796875000000001
8 0.21562500000000004 0.17812500000000003 0.07968750000000002 0.178125 0.07968750000000005 0.509375 0.2156250000000001 0.509375
8 0.8984375 0.4000000000000002 0.7609375 0.4000000000000002 0.7609375 0.6984375000000002 0.8984375 0.6984375000000002
8 0.684375 0.2609375000000001 0.5734375 0.2609375000000001 0.5734375 0.515625 0.684375 0.515625
7 0.4937500000000001 0.671875 0.4515625 0.671875 0.4515625000000001 0.803125 0.4937500000000002 0.803125
7 0.1781250000000001 0.784375 0.12500000000000008 0.784375 0.12500000000000008 0.903125 0.1781250000000001 0.903125
7 0.32500000000000007 0.6828125 0.2750000000000001 0.6828125 0.2750000000000001 0.8109375 0.32500000000000007 0.8109375
7 0.5718750000000001 0.665625 0.53125 0.665625 0.5312500000000001 0.7984375 0.5718750000000001 0.7984375