2 0.9921875 0.3968750000000001 0.959375 0.3968750000000001 0.959375 0.46093750000000017 0.9921875 0.46093750000000017
2 0.61875 0.434375 0.5875 0.434375 0.5875 0.471875 0.61875 0.471875
2 0.7609375 0.3515625000000001 0.725 0.3515625000000001 0.725 0.4078125000000001 0.7609375 0.4078125000000002
2 0.3687500000000001 0.36562500000000003 0.3234375000000001 0.365625 0.3234375000000001 0.44375 0.3687500000000001 0.44375
2 0.5359375 0.2656250000000001 0.4609375 0.2656250000000001 0.4609375 0.3500000000000001 0.5359375 0.3500000000000001
2 0.4703125 0.4046875 0.440625 0.4046875 0.440625 0.459375 0.4703125 0.459375
1 0.7046875 0.6109375 0.6828125 0.6109375 0.6828125 0.6671875 0.7046875 0.6671875
1 0.778125 0.6156250000000002 0.75625 0.6156250000000002 0.75625 0.6718750000000002 0.778125 0.6718750000000002
1 0.3062500000000001 0.64375 0.2890625000000001 0.64375 0.2890625000000001 0.6890625 0.3062500000000001 0.6890625
8 0.5625000000000001 0.4421875 0.3937500000000001 0.4421875 0.3937500000000001 0.8703125 0.5625000000000002 0.8703125
8 0.9890625 0.5156250000000002 0.9140625 0.5156250000000002 0.9140625 0.834375 0.9890625 0.834375
8 0.3921875000000001 0.4515625 0.30156250000000007 0.4515625 0.30156250000000007 0.690625 0.3921875000000001 0.690625
8 0.7734375 0.4359375000000001 0.696875 0.4359375 0.696875 0.6343750000000001 0.7734375 0.6343750000000001
8 0.6359375 0.5 0.56875 0.5 0.56875 0.6671875 0.6359375 0.6671875
7 0.32500000000000007 0.8140625 0.2890625000000001 0.8140625 0.2890625000000001 0.925 0.32500000000000007 0.925
7 0.93125 0.9453125 0.8796875 0.9453125 0.8796875 1 0.93125 1
7 0.7718750000000002 0.80625 0.7375000000000002 0.80625 0.7375000000000002 0.8890625 0.7718750000000002 0.8890625
7 0.3859375000000001 0.815625 0.34843750000000007 0.815625 0.34843750000000007 0.9359375 0.3859375000000001 0.9359375