2 0.9859375 0.36406250000000007 0.9265625 0.36406250000000007 0.9265625 0.42187500000000017 0.9859375 0.42187500000000017
2 0.6015625 0.415625 0.5734375 0.415625 0.5734375 0.4484375 0.6015625 0.4484375
2 0.7359375 0.3281250000000001 0.7015625 0.3281250000000001 0.7015625 0.37968750000000007 0.7359375 0.37968750000000007
2 0.521875 0.2609375000000001 0.453125 0.2609375000000001 0.453125 0.34843750000000007 0.521875 0.34843750000000007
2 0.36250000000000004 0.3609375 0.321875 0.3609375 0.321875 0.43125 0.3625000000000001 0.43125
2 0.459375 0.3921875000000001 0.434375 0.3921875000000001 0.434375 0.440625 0.459375 0.440625
1 0.6875 0.578125 0.66875 0.578125 0.66875 0.63125 0.6875 0.63125
1 0.30937500000000007 0.628125 0.2953125000000001 0.628125 0.2953125000000001 0.66875 0.30937500000000007 0.66875
1 0.7578125 0.5796875000000001 0.7390625 0.5796875000000001 0.7390625 0.6312500000000002 0.7578125 0.6312500000000002
8 0.55 0.428125 0.3968750000000001 0.428125 0.3968750000000001 0.83125 0.5500000000000002 0.83125
8 0.9984375 0.47656250000000017 0.8921875 0.47656250000000017 0.8921875 0.7765625000000002 0.9984375 0.7765625000000002
8 0.38750000000000007 0.44375 0.3046875000000001 0.44375 0.3046875000000001 0.665625 0.38750000000000007 0.665625
8 0.75 0.4093750000000001 0.6796875 0.409375 0.6796875 0.596875 0.75 0.5968750000000002
8 0.615625 0.4796875 0.5609375 0.4796875 0.5609375 0.6328125 0.615625 0.6328125
7 0.3296875000000001 0.7890625 0.2984375000000001 0.7890625 0.2984375000000001 0.89375 0.3296875000000001 0.89375
7 0.9109375 0.8875 0.8640625 0.8875 0.8640625 0.996875 0.9109375 0.996875
7 0.7562500000000002 0.7609375 0.7234375000000002 0.7609375 0.7234375000000002 0.8390625 0.7562500000000002 0.8390625
7 0.3890625000000001 0.7875 0.35625000000000007 0.7875 0.35625000000000007 0.9015625 0.3890625000000001 0.9015625