4 0.6953125 0.33281250000000007 0.6203125 0.33281250000000007 0.6203125 0.5265625 0.6953125 0.5265625
4 0.32500000000000007 0.6015625 0.2500000000000001 0.6015625 0.2500000000000001 0.8203125 0.32500000000000007 0.8203125
2 0.390625 0.13281250000000006 0.2984375 0.13281250000000006 0.2984375 0.27031250000000007 0.390625 0.27031250000000007
2 0.7203125 0.14218750000000008 0.6578125 0.14218750000000008 0.6578125 0.2375000000000001 0.7203125 0.2375000000000001
2 1 0.023437500000000118 0.946875 0.023437500000000118 0.946875 0.12812500000000013 1 0.12812500000000013
2 0.8578125 0.10781250000000009 0.8015625 0.10781250000000009 0.8015625 0.22031250000000008 0.8578125 0.22031250000000008
8 0.4796875000000001 0.32031250000000006 0.2671875 0.3203125 0.2671875 0.8328125 0.47968750000000016 0.8328125
8 0.621875 0.15937500000000007 0.46875 0.15937500000000004 0.46875 0.534375 0.621875 0.534375
8 1 0.14218750000000013 0.915625 0.14218750000000013 0.915625 0.4515625000000002 1 0.4515625000000002
8 0.8796875 0.21250000000000008 0.7671875 0.21250000000000008 0.7671875 0.4703125000000002 0.8796875 0.4703125000000002
8 0.75625 0.2671875000000001 0.6265625 0.2671875000000001 0.6265625 0.5937500000000001 0.75625 0.5937500000000002
2 0.578125 6.639881864127056e-17 0.50625 6.199774420683476e-17 0.50625 0.09531250000000006 0.578125 0.09531250000000006