4 0.4109375 0.4109375 0.3437500000000001 0.4109375 0.3437500000000001 0.5875 0.4109375 0.5875
4 0.7562500000000001 0.64375 0.6890625 0.64375 0.6890625000000001 0.8421875 0.7562500000000002 0.8421875
2 0.70625 0.2140625000000001 0.621875 0.2140625000000001 0.621875 0.3375000000000001 0.70625 0.3375000000000001
2 0.375 0.23750000000000004 0.31875 0.2375 0.31875 0.321875 0.375 0.3218750000000001
2 0.10781250000000002 0.1390625 0.04843750000000002 0.1390625 0.04843750000000003 0.234375 0.10781250000000005 0.234375
2 0.2421875 0.2109375 0.19218750000000004 0.2109375 0.19218750000000004 0.3125 0.2421875 0.3125
8 0.7375 0.3906250000000001 0.546875 0.3906250000000001 0.5468750000000001 0.8546875 0.7375000000000002 0.8546875
8 0.55 0.2484375000000001 0.4125 0.2484375000000001 0.4125 0.5875 0.55 0.5875
8 0.13750000000000004 0.25 0.018750000000000034 0.25 0.01875000000000005 0.53125 0.13750000000000004 0.53125
8 0.275 0.3078125 0.17500000000000004 0.3078125 0.17500000000000004 0.5421875 0.2750000000000001 0.5421875
8 0.4046875 0.353125 0.2890625 0.353125 0.28906250000000006 0.65 0.4046875 0.65
2 0.5140625 0.09375000000000006 0.4484375 0.09375000000000004 0.4484375 0.18437500000000004 0.5140625 0.18437500000000004