2 0.8921875 0.2234375000000001 0.825 0.2234375000000001 0.825 0.30937500000000007 0.8921875 0.30937500000000007
2 0.6046875 0.2312500000000001 0.5234375 0.2312500000000001 0.5234375 0.3437500000000001 0.6046875 0.3437500000000001
2 0.08906250000000003 0.1671875 2.0474563673244812e-17 0.1671875 3.128589869696754e-17 0.34375 0.08906250000000004 0.34375
2 0.4453125 0.30156250000000007 0.31875 0.3015625 0.31875000000000003 0.503125 0.4453125 0.503125
2 0.2921875 0.17968750000000006 0.2015625 0.17968750000000006 0.2015625 0.3328125 0.2921875 0.3328125
8 0.6421875 0.3890625000000001 0.4828125 0.3890625000000001 0.4828125 0.66875 0.6421875 0.66875
1 0.6531250000000001 0.721875 0.5984375 0.721875 0.5984375000000001 0.83125 0.6531250000000002 0.83125
8 0.915625 0.3468750000000001 0.790625 0.3468750000000001 0.790625 0.5781250000000002 0.915625 0.5781250000000002
8 0.3375 0.3515625 0.19062500000000004 0.3515625 0.19062500000000007 0.621875 0.3375000000000001 0.621875
8 0.503125 0.5359375 0.3062500000000001 0.5359375 0.3062500000000001 0.94375 0.5031250000000002 0.94375
7 0.91875 0.6531250000000002 0.853125 0.6531250000000002 0.853125 0.7593750000000001 0.91875 0.7593750000000001