4 0.6984375 0.3734375000000001 0.6640625 0.3734375000000001 0.6640625 0.4328125 0.6984375 0.4328125
2 0.6671875 0.1937500000000001 0.6375 0.1937500000000001 0.6375 0.24375000000000008 0.6671875 0.24375000000000008
2 0.59375 0.15625000000000008 0.565625 0.15625000000000008 0.565625 0.2000000000000001 0.59375 0.2000000000000001
2 0.4015625 0.16718750000000004 0.375 0.16718750000000004 0.375 0.2156250000000001 0.4015625 0.2156250000000001
2 0.5390625 0.2296875000000001 0.515625 0.2296875000000001 0.515625 0.2734375000000001 0.5390625 0.2734375000000001
2 0.465625 0.2062500000000001 0.44375 0.2062500000000001 0.44375 0.2515625000000001 0.465625 0.2515625000000001
2 0.271875 0.13125000000000003 0.240625 0.13125000000000003 0.240625 0.17031250000000003 0.271875 0.17031250000000003
8 0.28750000000000003 0.209375 0.2125 0.209375 0.21250000000000005 0.3828125 0.2875000000000001 0.3828125
8 0.6875 0.26250000000000007 0.6125 0.26250000000000007 0.6125 0.434375 0.6875 0.434375
8 0.4046875 0.22656250000000006 0.3546875 0.2265625 0.35468750000000004 0.37812500000000004 0.4046875 0.3781250000000001
8 0.4796875 0.25468750000000007 0.428125 0.25468750000000007 0.428125 0.37968750000000007 0.4796875 0.37968750000000007
8 0.609375 0.2234375000000001 0.5515625 0.2234375000000001 0.5515625 0.3656250000000001 0.609375 0.3656250000000001