2 0.05468750000000004 0.3625 4.4393446469091554e-17 0.3625 4.802911665406026e-17 0.421875 0.05468750000000004 0.421875
2 0.4078125 0.4171875 0.3781250000000001 0.4171875 0.3781250000000001 0.453125 0.4078125 0.453125
2 0.28125000000000006 0.3296875 0.246875 0.3296875 0.24687500000000004 0.384375 0.2812500000000001 0.384375
2 0.6640625 0.3671875000000001 0.6203125 0.3671875000000001 0.6203125 0.440625 0.6640625 0.440625
2 0.540625 0.26250000000000007 0.465625 0.26250000000000007 0.465625 0.34062500000000007 0.540625 0.34062500000000007
2 0.55 0.3984375000000001 0.521875 0.3984375000000001 0.521875 0.4484375 0.55 0.4484375
1 0.3046875000000001 0.5828125 0.2843750000000001 0.5828125 0.2843750000000001 0.6359375 0.3046875000000001 0.6359375
1 0.23593750000000008 0.5828125 0.21250000000000008 0.5828125 0.21250000000000008 0.6359375 0.23593750000000008 0.6359375
1 0.6796875 0.6359375 0.6625 0.6359375 0.6625 0.678125 0.6796875 0.678125
8 0.5843750000000001 0.434375 0.4140625 0.434375 0.4140625000000001 0.840625 0.5843750000000002 0.840625
8 0.08593750000000008 0.4765625 5.836207402186604e-17 0.4765625 7.692312707144312e-17 0.7796875 0.08593750000000008 0.7796875
8 0.678125 0.45 0.584375 0.45 0.584375 0.6765625 0.678125 0.6765625
8 0.30156250000000007 0.4140625 0.2218750000000001 0.4140625 0.2218750000000001 0.6015625 0.30156250000000007 0.6015625
8 0.41875 0.4828125 0.3515625000000001 0.4828125 0.3515625000000001 0.640625 0.41875 0.640625
7 0.6671875000000002 0.7984375 0.6312500000000002 0.7984375 0.6312500000000002 0.9046875 0.6671875000000002 0.9046875
7 0.09375000000000012 0.890625 0.042187500000000114 0.890625 0.042187500000000114 1 0.09375000000000014 1
7 0.2390625000000001 0.765625 0.20468750000000008 0.765625 0.20468750000000008 0.84375 0.2390625000000001 0.84375
7 0.6093750000000002 0.796875 0.5718750000000001 0.796875 0.5718750000000001 0.9125 0.6093750000000002 0.9125