2 0.9046875 0.30937500000000007 0.853125 0.30937500000000007 0.853125 0.3906250000000001 0.9046875 0.3906250000000001
2 0.7359375 0.16562500000000008 0.690625 0.16562500000000008 0.690625 0.2390625000000001 0.7359375 0.2390625000000001
2 0.5890625 0.2609375000000001 0.546875 0.2609375000000001 0.546875 0.3187500000000001 0.5890625 0.3187500000000001
2 0.4609375 0.2093750000000001 0.4171875 0.2093750000000001 0.4171875 0.2984375000000001 0.4609375 0.2984375000000001
2 0.35625 0.15937500000000004 0.309375 0.15937500000000004 0.309375 0.2546875 0.35625 0.2546875
1 0.2718750000000001 0.4828125 0.2515625000000001 0.4828125 0.2515625000000001 0.5328125 0.2718750000000001 0.5328125
8 0.23437500000000006 0.2 0.12031250000000004 0.2 0.12031250000000007 0.553125 0.23437500000000008 0.553125
8 0.4734375 0.29375000000000007 0.3859375 0.29375000000000007 0.38593750000000004 0.5015625 0.4734375 0.5015625
8 0.75 0.2765625000000001 0.65 0.2765625000000001 0.65 0.5125000000000001 0.75 0.5125000000000002
8 0.3609375 0.2546875 0.265625 0.2546875 0.26562500000000006 0.5234375 0.3609375000000001 0.5234375
8 0.90625 0.4125000000000002 0.8140625 0.4125000000000002 0.8140625 0.6843750000000002 0.90625 0.6843750000000002
7 0.828125 0.7437500000000001 0.7734375000000002 0.7437500000000001 0.7734375000000002 0.8859375 0.828125 0.8859375
2 0.2265625 0.06250000000000003 0.15 0.06250000000000003 0.15 0.12343750000000002 0.2265625 0.12343750000000005