2 0.06406250000000005 0.34375 0.007812500000000042 0.34375 0.007812500000000045 0.4046875 0.06406250000000005 0.4046875
2 0.440625 0.39531250000000007 0.4109375 0.39531250000000007 0.4109375 0.43125 0.440625 0.43125
2 0.303125 0.303125 0.265625 0.303125 0.265625 0.359375 0.303125 0.359375
2 0.5671875 0.2296875000000001 0.4921875 0.2296875000000001 0.4921875 0.3234375000000001 0.5671875 0.3234375000000001
2 0.709375 0.3359375000000001 0.6640625 0.3359375000000001 0.6640625 0.4109375 0.709375 0.4109375
2 0.5890625 0.3703125000000001 0.5625 0.3703125000000001 0.5625 0.421875 0.5890625 0.421875
1 0.3453125000000001 0.5703125 0.3234375000000001 0.5703125 0.3234375000000001 0.6265625 0.3453125000000001 0.6265625
1 0.74375 0.6218750000000002 0.728125 0.6218750000000002 0.728125 0.6640625000000002 0.74375 0.6640625000000002
1 0.27031250000000007 0.571875 0.2484375000000001 0.571875 0.2484375000000001 0.6265625 0.27031250000000007 0.6265625
8 0.6390625000000001 0.4078125 0.465625 0.4078125 0.46562500000000007 0.8390625 0.6390625000000002 0.8390625
8 0.10937500000000007 0.4625 0.010937500000000055 0.4625 0.010937500000000076 0.7828125 0.10937500000000008 0.7828125
8 0.734375 0.4250000000000001 0.640625 0.425 0.640625 0.6609375000000001 0.734375 0.6609375000000002
8 0.3312500000000001 0.3890625 0.2515625000000001 0.3890625 0.2515625000000001 0.590625 0.3312500000000001 0.590625
8 0.459375 0.4640625 0.3968750000000001 0.4640625 0.3968750000000001 0.628125 0.459375 0.628125
7 0.7468750000000002 0.7921875 0.7109375000000002 0.7921875 0.7109375000000002 0.9046875 0.7468750000000002 0.9046875
7 0.14531250000000012 0.9015625 0.09218750000000012 0.9015625 0.09218750000000012 1 0.14531250000000012 1
7 0.2906250000000001 0.765625 0.25468750000000007 0.765625 0.25468750000000007 0.8484375 0.2906250000000001 0.8484375
7 0.6843750000000002 0.790625 0.6468750000000002 0.790625 0.6468750000000002 0.9125 0.6843750000000002 0.9125