2 0.15937500000000004 0.3078125 0.10156250000000004 0.3078125 0.10156250000000004 0.39375 0.15937500000000004 0.39375
2 0.321875 0.14843750000000006 0.271875 0.14843750000000006 0.271875 0.228125 0.321875 0.228125
2 0.4734375 0.2406250000000001 0.428125 0.2406250000000001 0.428125 0.3031250000000001 0.4734375 0.3031250000000001
2 0.6078125 0.17968750000000008 0.559375 0.17968750000000008 0.559375 0.2734375000000001 0.6078125 0.2734375000000001
2 0.71875 0.1218750000000001 0.6671875 0.1218750000000001 0.6671875 0.2234375000000001 0.71875 0.2234375000000001
1 0.7875 0.4546875000000002 0.765625 0.4546875000000002 0.765625 0.5078125000000002 0.7875 0.5078125000000002
8 0.9265625 0.15312500000000012 0.79375 0.1531250000000001 0.79375 0.5265625000000002 0.9265625 0.5265625000000002
8 0.6484375 0.2656250000000001 0.55 0.2656250000000001 0.55 0.4859375 0.6484375 0.4859375
8 0.37500000000000006 0.26250000000000007 0.2625 0.2625 0.26250000000000007 0.5125 0.3750000000000001 0.5125
8 0.7734375 0.21875000000000008 0.665625 0.21875000000000008 0.665625 0.503125 0.7734375 0.5031250000000002
8 0.2093750000000001 0.4125 0.10468750000000004 0.4125 0.10468750000000007 0.7 0.2093750000000001 0.7
7 0.2593750000000001 0.7546875 0.19687500000000008 0.7546875 0.19687500000000008 0.9046875 0.2593750000000001 0.9046875
2 0.878125 0.014062500000000103 0.7984375 0.0140625000000001 0.7984375 0.0796875000000001 0.878125 0.0796875000000001