4 0.66875 0.3531250000000001 0.634375 0.3531250000000001 0.634375 0.409375 0.66875 0.409375
2 0.640625 0.1765625000000001 0.609375 0.1765625000000001 0.609375 0.2250000000000001 0.640625 0.2250000000000001
2 0.5671875 0.14062500000000006 0.5390625 0.14062500000000006 0.5390625 0.18281250000000007 0.5671875 0.1828125000000001
2 0.3765625 0.15937500000000004 0.35 0.15937500000000004 0.35 0.20625000000000004 0.3765625 0.2062500000000001
2 0.5125 0.2156250000000001 0.4890625 0.2156250000000001 0.4890625 0.2593750000000001 0.5125 0.2593750000000001
2 0.440625 0.19531250000000006 0.4171875 0.19531250000000006 0.4171875 0.2406250000000001 0.440625 0.2406250000000001
2 0.2484375 0.12812500000000004 0.2171875 0.12812500000000004 0.2171875 0.16718750000000004 0.2484375 0.16718750000000004
8 0.26250000000000007 0.2078125 0.18593750000000003 0.2078125 0.18593750000000003 0.3765625 0.26250000000000007 0.3765625
8 0.659375 0.2453125000000001 0.5828125 0.2453125000000001 0.5828125 0.4109375 0.659375 0.4109375
8 0.37812500000000004 0.21875000000000006 0.3265625 0.21875 0.32656250000000003 0.36875 0.3781250000000001 0.3687500000000001
8 0.453125 0.24375000000000008 0.4 0.24375000000000008 0.4 0.3671875000000001 0.453125 0.3671875000000001
8 0.5828125 0.2093750000000001 0.5234375 0.2093750000000001 0.5234375 0.34843750000000007 0.5828125 0.34843750000000007