2 0.9859375 0.3625000000000001 0.9265625 0.3625000000000001 0.9265625 0.42187500000000017 0.9859375 0.42187500000000017
2 0.6015625 0.4140625 0.5734375 0.4140625 0.5734375 0.4484375 0.6015625 0.4484375
2 0.7359375 0.3281250000000001 0.703125 0.3281250000000001 0.703125 0.3812500000000001 0.7359375 0.3812500000000001
2 0.36250000000000004 0.3609375 0.321875 0.3609375 0.321875 0.4328125 0.3625000000000001 0.4328125
2 0.5203125 0.2593750000000001 0.45 0.2593750000000001 0.45 0.3359375000000001 0.5203125 0.3359375000000001
2 0.459375 0.3921875000000001 0.4328125 0.3921875000000001 0.4328125 0.4421875 0.459375 0.4421875
1 0.6875 0.578125 0.66875 0.578125 0.66875 0.63125 0.6875 0.63125
1 0.7578125 0.5796875000000001 0.7375 0.5796875000000001 0.7375 0.6328125000000002 0.7578125 0.6328125000000002
1 0.30937500000000007 0.6265625 0.29375000000000007 0.6265625 0.29375000000000007 0.66875 0.30937500000000007 0.66875
8 0.5484375000000001 0.4296875 0.3968750000000001 0.4296875 0.3968750000000001 0.83125 0.5484375000000001 0.83125
8 0.9984375 0.47656250000000017 0.8921875 0.47656250000000017 0.8921875 0.7765625000000002 0.9984375 0.7765625000000002
8 0.3859375000000001 0.44375 0.3046875000000001 0.44375 0.3046875000000001 0.6671875 0.3859375000000001 0.6671875
8 0.75 0.41093750000000007 0.6796875 0.4109375 0.6796875 0.596875 0.75 0.5968750000000002
8 0.6203125 0.478125 0.559375 0.478125 0.559375 0.634375 0.6203125 0.634375
7 0.3296875000000001 0.7890625 0.2984375000000001 0.7890625 0.2984375000000001 0.89375 0.3296875000000001 0.89375
7 0.9109375 0.8875 0.8640625 0.8875 0.8640625 0.996875 0.9109375 0.996875
7 0.7562500000000002 0.7609375 0.7250000000000002 0.7609375 0.7250000000000002 0.8390625 0.7562500000000002 0.8390625
7 0.3890625000000001 0.7875 0.35625000000000007 0.7875 0.35625000000000007 0.9015625 0.3890625000000001 0.9015625