4 0.6546875 0.3968750000000001 0.625 0.3968750000000001 0.625 0.4484375 0.6546875 0.4484375
2 0.625 0.2375000000000001 0.5984375 0.2375000000000001 0.5984375 0.2812500000000001 0.625 0.2812500000000001
2 0.5578125 0.2062500000000001 0.534375 0.2062500000000001 0.534375 0.24375000000000008 0.5578125 0.24375000000000008
2 0.3875 0.2234375000000001 0.3640625 0.2234375000000001 0.3640625 0.2656250000000001 0.3875 0.2656250000000001
2 0.5109375 0.2734375000000001 0.490625 0.2734375000000001 0.490625 0.3125000000000001 0.5109375 0.3125000000000001
2 0.4453125 0.25468750000000007 0.425 0.25468750000000007 0.425 0.2953125000000001 0.4453125 0.2953125000000001
2 0.2703125 0.19531250000000006 0.24375 0.19531250000000006 0.24375 0.2296875 0.2703125 0.2296875
8 0.28593750000000007 0.2671875 0.2203125 0.2671875 0.22031250000000005 0.41875 0.28593750000000007 0.41875
8 0.64375 0.3000000000000001 0.578125 0.3000000000000001 0.578125 0.45 0.64375 0.45
8 0.39062500000000006 0.27656250000000004 0.346875 0.2765625 0.34687500000000004 0.4109375 0.3906250000000001 0.4109375
8 0.4578125 0.2984375000000001 0.4125 0.2984375000000001 0.4125 0.409375 0.4578125 0.409375
8 0.5734375 0.2671875000000001 0.5234375 0.2671875000000001 0.5234375 0.3921875000000001 0.5734375 0.3921875000000001