4 0.6828125 0.3968750000000001 0.6078125 0.3968750000000001 0.6078125 0.578125 0.6828125 0.578125
4 0.3390625000000001 0.6375 0.2640625000000001 0.6375 0.2640625000000001 0.840625 0.3390625000000001 0.840625
2 0.3890625 0.19687500000000005 0.2984375 0.19687500000000005 0.2984375 0.32343750000000004 0.3890625 0.3234375000000001
2 0.6984375 0.21875000000000008 0.6375 0.21875000000000008 0.6375 0.3062500000000001 0.6984375 0.3062500000000001
2 0.971875 0.11718750000000014 0.9078125 0.11718750000000014 0.9078125 0.2156250000000001 0.971875 0.2156250000000001
2 0.828125 0.1921875000000001 0.7734375 0.1921875000000001 0.7734375 0.2953125000000001 0.828125 0.2953125000000001
8 0.4843750000000001 0.37812500000000004 0.2734375000000001 0.378125 0.2734375000000001 0.853125 0.48437500000000017 0.853125
8 0.6125 0.2312500000000001 0.4609375 0.2312500000000001 0.4609375 0.578125 0.6125 0.578125
8 1 0.2312500000000001 0.8828125 0.2312500000000001 0.8828125 0.5187500000000002 1 0.5187500000000002
8 0.8546875 0.2906250000000001 0.74375 0.2906250000000001 0.74375 0.5312500000000002 0.8546875 0.5312500000000002
8 0.740625 0.3375000000000001 0.6125 0.3375000000000001 0.6125 0.6421875000000001 0.740625 0.6421875000000001
2 0.5625 0.07343750000000007 0.4921875 0.07343750000000007 0.4921875 0.16562500000000008 0.5625 0.16562500000000008