2 0.746875 0.15000000000000008 0.671875 0.15000000000000008 0.671875 0.21250000000000008 0.746875 0.21250000000000008
2 0.3125 0.14062500000000006 0.240625 0.14062500000000006 0.240625 0.2015625 0.3125 0.2015625
2 0.1078125 0.017187500000000005 0.0171875 0.0171875 0.017187500000000005 0.1109375 0.1078125 0.1109375
2 0.5203125 0.16250000000000003 0.4546875 0.16250000000000003 0.4546875 0.2250000000000001 0.5203125 0.2250000000000001
2 0.9984375 0.11250000000000013 0.9515625 0.11250000000000013 0.9515625 0.19062500000000013 0.9984375 0.19062500000000013
8 0.76875 0.2312500000000001 0.628125 0.2312500000000001 0.628125 0.5093750000000001 0.76875 0.5093750000000001
8 0.12031250000000002 0.134375 1.6456191363542558e-17 0.134375 3.501724441311963e-17 0.4375 0.12031250000000004 0.4375
1 0.75 0.4875000000000001 0.7109375 0.4875 0.7109375 0.55 0.75 0.5500000000000002
1 0.996875 0.5062500000000002 0.959375 0.5062500000000002 0.959375 0.5812500000000002 0.996875 0.5812500000000002
1 0.12968750000000004 0.446875 0.059375000000000046 0.446875 0.05937500000000005 0.525 0.12968750000000004 0.525
8 0.9984375 0.22031250000000008 0.8734375 0.22031250000000008 0.8734375 0.5218750000000002 0.9984375 0.5218750000000002
8 0.5515625 0.2578125000000001 0.4015625 0.2578125000000001 0.4015625 0.5125 0.5515625 0.5125
8 0.34218750000000003 0.253125 0.19375000000000003 0.253125 0.19375000000000003 0.540625 0.3421875000000001 0.540625