2 0.14062500000000006 0.4515625 0.11250000000000004 0.4515625 0.11250000000000004 0.4796875 0.14062500000000006 0.4796875
2 0.696875 0.24375000000000008 0.6703125 0.24375000000000008 0.6703125 0.27031250000000007 0.696875 0.27031250000000007
1 0.21093750000000008 0.565625 0.18906250000000008 0.565625 0.18906250000000008 0.5859375 0.21093750000000008 0.5859375
8 0.16406250000000006 0.4859375 0.10937500000000004 0.4859375 0.10937500000000007 0.5859375 0.16406250000000008 0.5859375
8 0.8203125 0.2140625000000001 0.7609375 0.2140625000000001 0.7609375 0.2750000000000001 0.8203125 0.2750000000000001
8 0.7078125 0.27031250000000007 0.64375 0.27031250000000007 0.64375 0.3593750000000001 0.7078125 0.3593750000000001
8 0.484375 0.2640625000000001 0.4421875 0.2640625000000001 0.4421875 0.3359375000000001 0.484375 0.3359375000000001
7 0.765625 0.3750000000000001 0.7375 0.3750000000000001 0.7375 0.4437500000000002 0.765625 0.4437500000000002
7 0.70625 0.3921875000000001 0.675 0.3921875000000001 0.675 0.4484375 0.70625 0.4484375
7 0.8140625 0.3296875000000001 0.7875 0.3296875000000001 0.7875 0.3921875000000001 0.8140625 0.3921875000000001
7 0.6671875 0.4 0.6453125 0.4 0.6453125 0.46875 0.6671875 0.46875