2 0.8453125 0.4812500000000002 0.8203125 0.4812500000000002 0.8203125 0.5062500000000002 0.8453125 0.5062500000000002
2 0.3296875 0.25625 0.3046875 0.25625 0.3046875 0.28125 0.3296875 0.28125
1 0.7796875 0.5796875000000001 0.7609375 0.5796875000000001 0.7609375 0.5984375000000002 0.7796875 0.5984375000000002
8 0.853125 0.5109375000000002 0.8 0.5109375000000002 0.8 0.6015625000000002 0.853125 0.6015625000000002
8 0.246875 0.2234375 0.19218750000000004 0.2234375 0.19218750000000004 0.278125 0.246875 0.278125
8 0.3578125 0.28125 0.296875 0.28125 0.296875 0.3625 0.3578125 0.3625
8 0.5390625 0.2890625000000001 0.4984375 0.2890625000000001 0.4984375 0.3531250000000001 0.5390625 0.3531250000000001
7 0.2750000000000001 0.371875 0.2484375000000001 0.371875 0.2484375000000001 0.4328125 0.2750000000000001 0.4328125
7 0.3312500000000001 0.3921875 0.30156250000000007 0.3921875 0.30156250000000007 0.440625 0.3312500000000001 0.440625
7 0.22812500000000005 0.328125 0.2015625 0.328125 0.20156250000000003 0.384375 0.22812500000000008 0.384375
7 0.3593750000000001 0.4 0.3390625000000001 0.4 0.3390625000000001 0.4625 0.3593750000000001 0.4625