2 0.33125 0.2375 0.2625 0.2375 0.2625 0.29375 0.33125 0.29375
2 0.9375 0.0875000000000001 0.8546875 0.0875000000000001 0.8546875 0.1734375000000001 0.9375 0.17343750000000013
2 0.7328125 0.21093750000000008 0.6640625 0.21093750000000008 0.6640625 0.2671875000000001 0.7328125 0.2671875000000001
2 0.07500000000000004 0.2140625 2.6215095544248028e-17 0.2140625 3.052049444750044e-17 0.284375 0.07500000000000004 0.284375
2 0.5328125 0.2406250000000001 0.4734375 0.2406250000000001 0.4734375 0.2953125000000001 0.5328125 0.2953125000000001
8 0.7734375 0.31718750000000007 0.6375 0.31718750000000007 0.6375 0.5781250000000001 0.7734375 0.5781250000000002
8 0.9984375 0.1968750000000001 0.8421875 0.19687500000000008 0.8421875 0.4703125000000002 0.9984375 0.4703125000000002
8 0.37031250000000004 0.3140625 0.2421875 0.3140625 0.24218750000000006 0.5671875 0.3703125000000001 0.5671875
1 0.896875 0.4859375000000002 0.83125 0.4859375000000002 0.83125 0.5578125000000002 0.896875 0.5578125000000002
1 0.29375000000000007 0.55 0.2562500000000001 0.55 0.2562500000000001 0.6046875 0.29375000000000007 0.6046875
1 0.06250000000000008 0.5796875 0.028125000000000067 0.5796875 0.028125000000000074 0.646875 0.06250000000000008 0.646875
1 0.4953125 0.53125 0.459375 0.53125 0.459375 0.5828125 0.4953125 0.5828125
8 0.14375000000000007 0.3125 3.827021247335479e-17 0.3125 5.520478149281428e-17 0.5890625 0.1437500000000001 0.5890625
8 0.58125 0.3296875000000001 0.440625 0.3296875000000001 0.440625 0.559375 0.58125 0.559375