2 0.3625 0.059375000000000046 0.2953125 0.059375000000000046 0.2953125 0.11250000000000004 0.3625 0.11250000000000004
2 0.1375 0.13125 0.08437500000000002 0.13125 0.08437500000000002 0.1796875 0.1375 0.1796875
2 0.10625 7.55836696348757e-18 0.0171875 2.1048616860345133e-18 0.017187500000000005 0.0765625 0.10625 0.07656250000000002
2 0.790625 0.1390625000000001 0.7359375 0.1390625000000001 0.7359375 0.1921875000000001 0.790625 0.1921875000000001
2 0.5765625 0.11093750000000006 0.5203125 0.11093750000000005 0.5203125 0.18750000000000006 0.5765625 0.18750000000000008
2 0.6390625 0.1140625000000001 0.59375 0.1140625000000001 0.59375 0.15781250000000008 0.6390625 0.15781250000000008
2 0.925 0.05312500000000011 0.840625 0.05312500000000011 0.840625 0.13750000000000012 0.925 0.13750000000000012
2 0.9625 0.14375000000000013 0.91875 0.14375000000000013 0.91875 0.19218750000000012 0.9625 0.19218750000000012
1 0.6625 0.3828125000000001 0.634375 0.3828125000000001 0.634375 0.4421875 0.6625 0.4421875
1 0.38750000000000007 0.35468750000000004 0.359375 0.3546875 0.35937500000000006 0.40625 0.38750000000000007 0.40625
1 0.2906250000000001 0.384375 0.2562500000000001 0.384375 0.2562500000000001 0.4375 0.2906250000000001 0.4375
1 0.596875 0.3734375000000001 0.571875 0.3734375000000001 0.571875 0.425 0.596875 0.425
1 0.78125 0.45312500000000017 0.7515625 0.45312500000000017 0.7515625 0.4968750000000002 0.78125 0.4968750000000002
1 0.4796875 0.3843750000000001 0.453125 0.3843750000000001 0.453125 0.4234375 0.4796875 0.4234375
1 0.9734375 0.4671875000000002 0.9390625 0.4671875000000002 0.9390625 0.5203125000000002 0.9734375 0.5203125000000002
8 0.38750000000000007 0.13906250000000003 0.2578125 0.13906250000000003 0.25781250000000006 0.4 0.38750000000000007 0.4
8 0.5859375 0.18437500000000007 0.484375 0.18437500000000004 0.484375 0.3890625000000001 0.5859375 0.3890625000000001
8 0.65625 0.1984375000000001 0.5796875 0.1984375000000001 0.5796875 0.3671875000000001 0.65625 0.3671875000000001