2 0.7015625 0.07968750000000009 0.6390625 0.07968750000000009 0.6390625 0.1296875000000001 0.7015625 0.1296875000000001
2 0.90625 0.15000000000000008 0.8578125 0.15000000000000008 0.8578125 0.19531250000000008 0.90625 0.19531250000000008
2 0.9765625 0.017187500000000116 0.890625 0.017187500000000112 0.890625 0.0953125000000001 0.9765625 0.0953125000000001
2 0.2703125 0.15312500000000004 0.21875 0.15312500000000004 0.21875 0.20625 0.2703125 0.20625
2 0.48125 0.12812500000000004 0.428125 0.12812500000000004 0.428125 0.2015625000000001 0.48125 0.2015625000000001
2 0.409375 0.12968750000000004 0.3671875 0.12968750000000004 0.3671875 0.17187500000000006 0.409375 0.17187500000000006
2 0.1703125 0.06875 0.0890625 0.06875 0.08906250000000002 0.1515625 0.1703125 0.1515625
2 0.09218750000000002 0.1578125 0.050000000000000024 0.1578125 0.050000000000000024 0.203125 0.09218750000000002 0.203125
1 0.3625000000000001 0.390625 0.3359375000000001 0.390625 0.3359375000000001 0.45 0.3625000000000001 0.45
1 0.6328125 0.3656250000000001 0.60625 0.3656250000000001 0.60625 0.415625 0.6328125 0.415625
1 0.7328125 0.39531250000000007 0.7 0.39531250000000007 0.7 0.4468750000000001 0.7328125 0.4468750000000002
1 0.4234375 0.3843750000000001 0.4015625 0.3843750000000001 0.4015625 0.4328125 0.4234375 0.4328125
1 0.2468750000000001 0.459375 0.2171875000000001 0.459375 0.2171875000000001 0.503125 0.2468750000000001 0.503125
1 0.540625 0.39531250000000007 0.515625 0.39531250000000007 0.515625 0.4328125 0.540625 0.4328125
1 0.06250000000000007 0.4734375 0.026562500000000055 0.4734375 0.026562500000000062 0.5234375 0.06250000000000007 0.5234375
8 0.73125 0.15625000000000008 0.6125 0.15625000000000008 0.6125 0.4093750000000001 0.73125 0.40937500000000016
8 0.5109375 0.19843750000000004 0.4171875 0.19843750000000004 0.4171875 0.3984375000000001 0.5109375 0.3984375000000001
8 0.41875 0.21093750000000006 0.346875 0.2109375 0.34687500000000004 0.3765625 0.41875 0.3765625000000001