8 0.7375 0.1703125000000001 0.596875 0.1703125000000001 0.596875 0.4171875000000001 0.7375 0.41718750000000016
2 0.41875 0.14218750000000005 0.378125 0.14218750000000005 0.378125 0.18281250000000004 0.41875 0.18281250000000004
2 0.6921875 0.10000000000000009 0.6453125 0.10000000000000009 0.6453125 0.1468750000000001 0.6921875 0.1468750000000001
2 0.1859375 0.07968750000000002 0.1140625 0.07968750000000002 0.1140625 0.15468750000000003 0.1859375 0.15468750000000003
2 0.896875 0.1671875000000001 0.853125 0.1671875000000001 0.853125 0.21250000000000008 0.896875 0.21250000000000008
2 0.284375 0.16250000000000003 0.2359375 0.16250000000000003 0.2359375 0.2125 0.284375 0.2125
2 0.4875 0.14218750000000005 0.4375 0.14218750000000005 0.4375 0.21250000000000008 0.4875 0.21250000000000008
2 0.965625 0.043750000000000115 0.8859375 0.04375000000000011 0.8859375 0.11718750000000011 0.965625 0.11718750000000014
8 0.4265625 0.21562500000000004 0.3390625 0.215625 0.33906250000000004 0.39687500000000003 0.4265625 0.3968750000000001
1 0.71875 0.403125 0.6890625 0.403125 0.6890625 0.4578125 0.71875 0.4578125
1 0.6265625 0.3750000000000001 0.6 0.3750000000000001 0.6 0.4203125 0.6265625 0.4203125
1 0.4265625 0.38750000000000007 0.4046875 0.38750000000000007 0.4046875 0.4328125 0.4265625 0.4328125
1 0.36406250000000007 0.39062500000000006 0.3421875000000001 0.390625 0.3421875000000001 0.4453125 0.36406250000000007 0.4453125
8 0.509375 0.21093750000000008 0.425 0.21093750000000008 0.425 0.4015625 0.509375 0.4015625