2 0.7015625 0.0984375000000001 0.6421875 0.0984375000000001 0.6421875 0.1468750000000001 0.7015625 0.1468750000000001
2 0.896875 0.1703125000000001 0.85 0.1703125000000001 0.85 0.2140625000000001 0.896875 0.2140625000000001
2 0.965625 0.043750000000000115 0.8859375 0.04375000000000011 0.8859375 0.11718750000000011 0.965625 0.11718750000000014
2 0.284375 0.16250000000000003 0.2359375 0.16250000000000003 0.2359375 0.2125 0.284375 0.2125
2 0.4875 0.14218750000000005 0.4375 0.14218750000000005 0.4375 0.21250000000000008 0.4875 0.21250000000000008
2 0.41875 0.14218750000000005 0.3796875 0.14218750000000005 0.3796875 0.18281250000000004 0.41875 0.18281250000000004
2 0.1890625 0.07968750000000002 0.1140625 0.07968750000000002 0.1140625 0.15781250000000002 0.1890625 0.15781250000000005
2 0.11250000000000002 0.1640625 0.07343750000000002 0.1640625 0.07343750000000002 0.2078125 0.11250000000000004 0.2078125
1 0.3656250000000001 0.39375000000000004 0.3421875000000001 0.39375 0.3421875000000001 0.45 0.3656250000000001 0.45
1 0.6265625 0.3734375000000001 0.603125 0.3734375000000001 0.603125 0.421875 0.6265625 0.421875
1 0.721875 0.403125 0.6921875 0.403125 0.6921875 0.453125 0.721875 0.453125
1 0.425 0.38750000000000007 0.4046875 0.38750000000000007 0.4046875 0.434375 0.425 0.434375
1 0.2531250000000001 0.4578125 0.22656250000000008 0.4578125 0.22656250000000008 0.4984375 0.2531250000000001 0.4984375
1 0.5375 0.4 0.5140625 0.4 0.5140625 0.4359375 0.5375 0.4359375
1 0.07500000000000007 0.4671875 0.04218750000000006 0.4671875 0.04218750000000006 0.515625 0.07500000000000007 0.515625
8 0.721875 0.17343750000000008 0.6140625 0.17343750000000008 0.6140625 0.415625 0.721875 0.415625
8 0.509375 0.21093750000000008 0.425 0.21093750000000008 0.425 0.4015625 0.509375 0.4015625
8 0.421875 0.22187500000000004 0.3578125 0.221875 0.35781250000000003 0.37968750000000007 0.421875 0.37968750000000007