2 0.3375 0.35 0.2921875 0.35 0.29218750000000004 0.40625 0.3375000000000001 0.40625
2 0.6046875 0.409375 0.5671875 0.409375 0.5671875 0.453125 0.6046875 0.453125
2 0.878125 0.42968750000000017 0.8140625 0.42968750000000017 0.8140625 0.5015625000000001 0.878125 0.5015625000000001
2 0.06250000000000004 0.30625 3.750480822388769e-17 0.30625 4.3915068813174614e-17 0.4109375 0.06250000000000004 0.4109375
2 0.4875 0.37187500000000007 0.4484375 0.37187500000000007 0.4484375 0.4203125 0.4875 0.4203125
2 0.17031250000000003 0.3171875 0.09531250000000005 0.3171875 0.09531250000000005 0.4 0.17031250000000003 0.4
2 0.2250000000000001 0.3921875 0.16406250000000006 0.3921875 0.16406250000000006 0.4703125 0.2250000000000001 0.4703125
2 0.6875 0.3750000000000001 0.65 0.3750000000000001 0.65 0.415625 0.6875 0.415625
2 0.5390625 0.38750000000000007 0.50625 0.38750000000000007 0.50625 0.4265625 0.5390625 0.4265625
2 0.7296875 0.3968750000000001 0.6859375 0.3968750000000001 0.6859375 0.4640625000000001 0.7296875 0.46406250000000016
6 0.6375 0.4796875 0.5515625 0.4796875 0.5515625 0.6765625 0.6375 0.6765625