2 0.33125 0.2375 0.2625 0.2375 0.2625 0.2921875 0.33125 0.2921875
2 0.73125 0.21093750000000008 0.665625 0.21093750000000008 0.665625 0.2640625000000001 0.73125 0.2640625000000001
2 0.9375 0.0875000000000001 0.8546875 0.0875000000000001 0.8546875 0.17031250000000012 0.9375 0.17031250000000014
2 0.5328125 0.2406250000000001 0.471875 0.2406250000000001 0.471875 0.2953125000000001 0.5328125 0.2953125000000001
2 0.07343750000000003 0.215625 2.6406446606614805e-17 0.215625 3.061616997868383e-17 0.284375 0.07343750000000004 0.284375
8 0.37031250000000004 0.3140625 0.2421875 0.3140625 0.24218750000000006 0.565625 0.3703125000000001 0.565625
8 0.9984375 0.1968750000000001 0.8421875 0.19687500000000008 0.8421875 0.47187500000000016 0.9984375 0.47187500000000016
1 0.29375000000000007 0.55 0.2578125000000001 0.55 0.2578125000000001 0.60625 0.29375000000000007 0.60625
1 0.06406250000000008 0.578125 0.026562500000000065 0.578125 0.026562500000000072 0.6453125 0.06406250000000009 0.6453125
1 0.896875 0.4859375000000002 0.8328125 0.4859375000000002 0.8328125 0.5562500000000001 0.896875 0.5562500000000001
8 0.14375000000000007 0.3140625 3.846156353572156e-17 0.3140625 5.520478149281428e-17 0.5875 0.1437500000000001 0.5875
8 0.58125 0.3296875000000001 0.4421875 0.3296875000000001 0.4421875 0.559375 0.58125 0.559375
8 0.771875 0.31718750000000007 0.6359375 0.31718750000000007 0.6359375 0.5765625000000001 0.771875 0.5765625000000002