2 0.7578125 0.22656250000000008 0.6859375 0.22656250000000008 0.6859375 0.2875000000000001 0.7578125 0.2875000000000001
2 0.140625 0.08125000000000002 0.0515625 0.08125 0.05156250000000001 0.1734375 0.140625 0.1734375
2 0.3375 0.2078125 0.2640625 0.2078125 0.2640625 0.2671875 0.3375 0.2671875
2 0.9953125 0.19843750000000013 0.9546875 0.19843750000000013 0.9546875 0.2734375000000001 0.9953125 0.2734375000000001
2 0.5375 0.23437500000000008 0.4734375 0.23437500000000008 0.4734375 0.2921875000000001 0.5375 0.2921875000000001
8 0.36250000000000004 0.31875 0.2140625 0.31875 0.21406250000000004 0.59375 0.3625000000000001 0.59375
8 0.15156250000000004 0.196875 2.4110233858213517e-17 0.196875 4.1810207127140106e-17 0.4859375 0.15156250000000004 0.4859375
8 0.778125 0.3078125000000001 0.6375 0.3078125000000001 0.6375 0.5750000000000001 0.778125 0.5750000000000002
1 0.15625000000000006 0.4984375 0.08437500000000006 0.4984375 0.08437500000000006 0.575 0.15625000000000008 0.575
1 0.7578125 0.5562500000000001 0.7171875 0.55625 0.7171875 0.6140625000000001 0.7578125 0.6140625000000002
1 0.9859375 0.5828125000000002 0.9578125 0.5828125000000002 0.9578125 0.6531250000000002 0.9859375 0.6531250000000002
1 0.54375 0.540625 0.50625 0.540625 0.50625 0.59375 0.54375 0.59375
8 0.9921875 0.30156250000000007 0.875 0.30156250000000007 0.875 0.5937500000000002 0.9921875 0.5937500000000002
8 0.56875 0.3281250000000001 0.415625 0.3281250000000001 0.415625 0.5703125 0.56875 0.5703125