2 0.3375 0.246875 0.265625 0.246875 0.265625 0.3046875 0.3375 0.3046875
2 0.75 0.22656250000000008 0.6796875 0.22656250000000008 0.6796875 0.2828125000000001 0.75 0.2828125000000001
2 0.959375 0.10156250000000011 0.871875 0.10156250000000008 0.871875 0.1890625000000001 0.959375 0.18906250000000013
2 0.5453125 0.2531250000000001 0.48125 0.2531250000000001 0.48125 0.3109375000000001 0.5453125 0.3109375000000001
2 0.07031250000000003 0.21875 0.006250000000000028 0.21875 0.006250000000000032 0.290625 0.07031250000000004 0.290625
8 0.38593750000000004 0.32500000000000007 0.246875 0.325 0.24687500000000004 0.5875 0.3859375000000001 0.5875
8 1 0.2156250000000001 0.8625 0.2156250000000001 0.8625 0.5015625000000001 1 0.5015625000000001
1 0.3078125000000001 0.56875 0.27031250000000007 0.56875 0.27031250000000007 0.628125 0.3078125000000001 0.628125
1 0.07187500000000008 0.59375 0.031250000000000076 0.59375 0.031250000000000076 0.6640625 0.07187500000000009 0.6640625
1 0.9296875 0.5125000000000002 0.8609375 0.5125000000000002 0.8609375 0.5859375000000002 0.9296875 0.5859375000000002
8 0.15312500000000007 0.3203125 0.00937500000000004 0.3203125 0.009375000000000057 0.6046875 0.1531250000000001 0.6046875
8 0.6046875 0.3453125000000001 0.453125 0.3453125000000001 0.453125 0.584375 0.6046875 0.584375
8 0.8015625 0.3343750000000001 0.653125 0.3343750000000001 0.653125 0.6062500000000001 0.8015625 0.6062500000000002