2 0.70625 0.3453125000000001 0.65625 0.3453125000000001 0.65625 0.40625 0.70625 0.40625
2 0.4109375 0.4140625 0.3703125000000001 0.4140625 0.3703125000000001 0.4609375 0.4109375 0.4609375
2 0.14531250000000004 0.440625 0.07656250000000005 0.440625 0.07656250000000006 0.51875 0.14531250000000004 0.51875
2 1 0.2921875000000001 0.9515625 0.2921875000000001 0.9515625 0.40625000000000017 1 0.40625000000000017
2 0.5375 0.37187500000000007 0.4953125 0.37187500000000007 0.4953125 0.425 0.5375 0.425
2 0.9171875 0.3062500000000001 0.8359375 0.3062500000000001 0.8359375 0.3968750000000001 0.9171875 0.3968750000000001
2 0.84375 0.38750000000000007 0.7765625 0.38750000000000007 0.7765625 0.4734375000000002 0.84375 0.4734375000000002
2 0.3218750000000001 0.378125 0.2796875000000001 0.378125 0.2796875000000001 0.4234375 0.3218750000000001 0.4234375
2 0.475 0.3890625000000001 0.440625 0.3890625000000001 0.440625 0.4328125 0.475 0.4328125
2 0.2828125000000001 0.403125 0.23593750000000008 0.403125 0.23593750000000008 0.475 0.2828125000000001 0.475
6 0.428125 0.4890625 0.3343750000000001 0.4890625 0.3343750000000001 0.703125 0.428125 0.703125