2 0.321875 0.3546875 0.2734375 0.3546875 0.27343750000000006 0.4140625 0.3218750000000001 0.4140625
2 0.6 0.409375 0.5609375 0.409375 0.5609375 0.45625 0.6 0.45625
2 0.884375 0.4234375000000002 0.8171875 0.4234375000000002 0.8171875 0.5000000000000002 0.884375 0.5000000000000002
2 0.035937500000000046 0.315625 0.004687500000000039 0.315625 0.004687500000000046 0.425 0.03593750000000005 0.425
2 0.478125 0.3734375000000001 0.4359375 0.3734375000000001 0.4359375 0.425 0.478125 0.425
2 0.14843750000000006 0.325 0.06875000000000005 0.325 0.06875000000000005 0.4125 0.14843750000000006 0.4125
2 0.20468750000000008 0.4015625 0.14062500000000006 0.4015625 0.14062500000000006 0.4828125 0.20468750000000008 0.4828125
2 0.6859375 0.37187500000000007 0.6453125 0.37187500000000007 0.6453125 0.415625 0.6859375 0.415625
2 0.53125 0.3890625000000001 0.4953125 0.3890625000000001 0.4953125 0.4296875 0.53125 0.4296875
2 0.7296875 0.3937500000000001 0.684375 0.3937500000000001 0.684375 0.4640625000000001 0.7296875 0.46406250000000016
6 0.6359375 0.4828125 0.5453125 0.4828125 0.5453125 0.6890625 0.6359375 0.6890625