2 0.325 0.2125 0.2515625 0.2125 0.2515625 0.2734375 0.325 0.2734375
2 0.9453125 0.03593750000000011 0.8578125 0.0359375000000001 0.8578125 0.1281250000000001 0.9453125 0.12812500000000013
2 0.7375 0.17187500000000008 0.665625 0.17187500000000008 0.665625 0.2312500000000001 0.7375 0.2312500000000001
2 0.059375000000000025 0.1984375 0.006250000000000025 0.1984375 0.006250000000000029 0.271875 0.059375000000000025 0.271875
2 0.5328125 0.2093750000000001 0.4703125 0.2093750000000001 0.4703125 0.2671875000000001 0.5328125 0.2671875000000001
8 0.790625 0.2796875000000001 0.640625 0.2796875000000001 0.640625 0.5546875000000001 0.790625 0.5546875000000002
8 1 0.14687500000000012 0.8484375 0.1468750000000001 0.8484375 0.4343750000000002 1 0.4343750000000002
8 0.37500000000000006 0.290625 0.234375 0.290625 0.23437500000000006 0.55625 0.3750000000000001 0.55625
1 0.91875 0.4500000000000002 0.846875 0.4500000000000002 0.846875 0.5265625000000002 0.91875 0.5265625000000002
1 0.2968750000000001 0.5375 0.2562500000000001 0.5375 0.2562500000000001 0.5953125 0.2968750000000001 0.5953125
1 0.05937500000000008 0.575 0.02187500000000007 0.575 0.021875000000000075 0.646875 0.05937500000000009 0.646875
1 0.5046875 0.5109375 0.465625 0.5109375 0.465625 0.565625 0.5046875 0.565625
8 0.14062500000000006 0.296875 0.010937500000000036 0.296875 0.010937500000000055 0.5859375 0.14062500000000008 0.5859375
8 0.5921875 0.3000000000000001 0.4390625 0.3000000000000001 0.4390625 0.5421875 0.5921875 0.5421875