8 0.4234375 0.17031250000000003 0.26875 0.17031250000000003 0.26875000000000004 0.425 0.4234375 0.425
2 0.6328125 0.15000000000000008 0.590625 0.15000000000000008 0.590625 0.1921875000000001 0.6328125 0.1921875000000001
2 0.3609375 0.09843750000000004 0.3109375 0.09843750000000004 0.3109375 0.14843750000000006 0.3609375 0.14843750000000006
2 0.9 0.09375000000000011 0.8234375 0.09375000000000011 0.8234375 0.17187500000000008 0.9 0.17187500000000008
2 0.15156250000000002 0.1625 0.1046875 0.1625 0.10468750000000002 0.209375 0.15156250000000004 0.209375
2 0.7796875 0.1750000000000001 0.728125 0.1750000000000001 0.728125 0.22812500000000008 0.7796875 0.22812500000000008
2 0.575 0.14843750000000006 0.5203125 0.14843750000000006 0.5203125 0.22031250000000008 0.575 0.22031250000000008
2 0.1140625 0.034375 0.0296875 0.034375 0.029687500000000006 0.1109375 0.1140625 0.1109375
8 0.6828125 0.2250000000000001 0.5859375 0.2250000000000001 0.5859375 0.4109375 0.6828125 0.4109375
1 0.3312500000000001 0.40625 0.2984375000000001 0.40625 0.2984375000000001 0.4640625 0.3312500000000001 0.4640625
1 0.4203125 0.3812500000000001 0.3906250000000001 0.3812500000000001 0.3906250000000001 0.428125 0.4203125 0.428125
1 0.61875 0.3984375000000001 0.59375 0.3984375000000001 0.59375 0.4453125 0.61875 0.4453125
1 0.6828125 0.4046875 0.6578125 0.4046875 0.6578125 0.4609375 0.6828125 0.4609375
8 0.596875 0.2171875000000001 0.5015625 0.2171875000000001 0.5015625 0.4140625 0.596875 0.4140625