8 0.7796875 0.1828125000000001 0.6203125 0.1828125000000001 0.6203125 0.4562500000000001 0.7796875 0.45625000000000016
2 0.428125 0.14218750000000005 0.3828125 0.14218750000000005 0.3828125 0.18906250000000005 0.428125 0.18906250000000005
2 0.7234375 0.10937500000000008 0.6703125 0.10937500000000008 0.6703125 0.1625000000000001 0.7234375 0.1625000000000001
2 0.175 0.06250000000000003 0.09375 0.06250000000000003 0.09375000000000001 0.146875 0.175 0.146875
2 0.946875 0.1906250000000001 0.8984375 0.1906250000000001 0.8984375 0.24218750000000008 0.946875 0.24218750000000008
2 0.2828125 0.15937500000000004 0.228125 0.15937500000000004 0.228125 0.2140625 0.2828125 0.2140625
2 0.503125 0.14531250000000004 0.446875 0.14531250000000004 0.446875 0.2234375000000001 0.503125 0.2234375000000001
2 1 0.05781250000000012 0.9296875 0.057812500000000114 0.9296875 0.14062500000000014 1 0.14062500000000014
8 0.440625 0.22031250000000005 0.3421875 0.2203125 0.34218750000000003 0.421875 0.440625 0.421875
1 0.759375 0.4390625000000002 0.7265625 0.4390625000000002 0.7265625 0.5000000000000002 0.759375 0.5000000000000002
1 0.659375 0.4046875 0.628125 0.4046875 0.628125 0.4546875 0.659375 0.4546875
1 0.4421875 0.409375 0.4171875 0.409375 0.4171875 0.4609375 0.4421875 0.4609375
1 0.3750000000000001 0.4109375 0.3500000000000001 0.4109375 0.3500000000000001 0.4703125 0.3750000000000001 0.4703125
8 0.53125 0.21875000000000008 0.4359375 0.21875000000000008 0.4359375 0.4296875 0.53125 0.4296875