2 0.8234375 0.4593750000000002 0.7984375 0.4593750000000002 0.7984375 0.48437500000000017 0.8234375 0.48437500000000017
2 0.3203125 0.2484375 0.2953125 0.2484375 0.2953125 0.271875 0.3203125 0.271875
1 0.7546875 0.5593750000000002 0.7359375 0.5593750000000002 0.7359375 0.5765625000000002 0.7546875 0.5765625000000002
8 0.828125 0.4906250000000002 0.778125 0.4906250000000002 0.778125 0.5781250000000002 0.828125 0.5781250000000002
8 0.2375 0.2171875 0.18437500000000004 0.2171875 0.18437500000000004 0.2703125 0.2375 0.2703125
8 0.34375 0.2734375 0.2859375 0.2734375 0.2859375 0.3515625 0.34375 0.3515625
8 0.525 0.2765625000000001 0.4875 0.2765625000000001 0.4875 0.3390625000000001 0.525 0.3390625000000001
7 0.2593750000000001 0.3640625 0.23437500000000008 0.3640625 0.23437500000000008 0.425 0.2593750000000001 0.425
7 0.3156250000000001 0.3828125 0.2875000000000001 0.3828125 0.2875000000000001 0.43125 0.3156250000000001 0.43125
7 0.21406250000000004 0.321875 0.19062500000000004 0.321875 0.19062500000000004 0.3765625 0.2140625000000001 0.3765625
7 0.3421875000000001 0.390625 0.3234375000000001 0.390625 0.3234375000000001 0.4515625 0.3421875000000001 0.4515625